0 0.035 0.4013333333333333 0.062 0.104
1 0.958 0.47333333333333333 0.084 0.152
1 0.228 0.42133333333333334 0.06 0.096
1 0.554 0.396 0.048 0.09333333333333334
1 0.474 0.3933333333333333 0.056 0.072
1 0.326 0.38533333333333336 0.048 0.09333333333333334
1 0.153 0.37466666666666665 0.046 0.072
0 0.268 0.35333333333333333 0.04 0.06666666666666667
1 0.262 0.38666666666666666 0.036 0.058666666666666666
1 0.398 0.37733333333333335 0.036 0.072
1 0.45 0.36933333333333335 0.036 0.07733333333333334
1 0.625 0.37333333333333335 0.046 0.07466666666666667
1 0.516 0.35733333333333334 0.032 0.05333333333333334
