1 0.479 0.4148936170212766 0.042 0.08814589665653495
1 0.075 0.3966565349544073 0.054 0.09422492401215805
1 0.226 0.42857142857142855 0.052 0.0911854103343465
1 0.192 0.4088145896656535 0.036 0.08206686930091185
1 0.282 0.3905775075987842 0.048 0.08206686930091185
1 0.307 0.42401215805471126 0.046 0.08814589665653495
1 0.354 0.439209726443769 0.044 0.07598784194528875
1 0.393 0.43617021276595747 0.038 0.07598784194528875
1 0.649 0.4133738601823708 0.046 0.0790273556231003
1 0.737 0.42857142857142855 0.046 0.0790273556231003
1 0.962 0.44680851063829785 0.044 0.0729483282674772
1 0.936 0.4452887537993921 0.024 0.057750759878419454
1 0.824 0.4513677811550152 0.04 0.07598784194528875
