0 0.072 0.4395424836601307 0.08 0.16013071895424835
0 0.225 0.3709150326797386 0.074 0.16013071895424835
0 0.333 0.39215686274509803 0.094 0.1830065359477124
0 0.487 0.40522875816993464 0.09 0.1830065359477124
0 0.592 0.44607843137254904 0.064 0.15359477124183007
0 0.554 0.3872549019607843 0.06 0.16666666666666666
0 0.648 0.39869281045751637 0.056 0.12418300653594772
0 0.706 0.40522875816993464 0.072 0.16339869281045752
0 0.76 0.4526143790849673 0.052 0.13398692810457516
0 0.795 0.43137254901960786 0.042 0.13071895424836602
0 0.916 0.4084967320261438 0.076 0.16339869281045752
