1 0.63 0.3948948948948949 0.056 0.10510510510510511
1 0.693 0.4039039039039039 0.066 0.12312312312312312
1 0.176 0.3948948948948949 0.052 0.11711711711711711
1 0.224 0.3963963963963964 0.048 0.1021021021021021
1 0.54 0.3993993993993994 0.052 0.1021021021021021
1 0.394 0.42042042042042044 0.052 0.0960960960960961
1 0.036 0.45045045045045046 0.052 0.09009009009009009
1 0.048 0.3993993993993994 0.04 0.07207207207207207
1 0.326 0.4039039039039039 0.04 0.07507507507507508
1 0.299 0.3978978978978979 0.03 0.08108108108108109
1 0.453 0.4159159159159159 0.038 0.08108108108108109
