0 0.173 0.1996996996996997 0.086 0.15915915915915915
0 0.441 0.24324324324324326 0.066 0.14414414414414414
0 0.522 0.24324324324324326 0.084 0.17417417417417416
0 0.257 0.23123123123123124 0.066 0.12612612612612611
0 0.76 0.20270270270270271 0.084 0.16516516516516516
0 0.344 0.21921921921921922 0.072 0.14414414414414414
0 0.608 0.2147147147147147 0.068 0.15315315315315314
0 0.835 0.24024024024024024 0.11 0.1921921921921922
0 0.033 0.2672672672672673 0.062 0.12612612612612611
0 0.976 0.32732732732732733 0.048 0.09009009009009009
