1 0.564 0.32285714285714284 0.072 0.14285714285714285
1 0.203 0.3357142857142857 0.07 0.11142857142857143
1 0.712 0.30142857142857143 0.084 0.1457142857142857
1 0.893 0.38285714285714284 0.098 0.15428571428571428
1 0.455 0.31857142857142856 0.074 0.11714285714285715
1 0.129 0.33 0.054 0.09428571428571429
1 0.263 0.3342857142857143 0.034 0.06857142857142857
1 0.373 0.32285714285714284 0.054 0.10285714285714286
1 0.504 0.34714285714285714 0.056 0.1
1 0.671 0.3414285714285714 0.042 0.10571428571428572
