1 0.838 0.575075075075075 0.08 0.15915915915915915
1 0.372 0.566066066066066 0.072 0.11711711711711711
1 0.539 0.5780780780780781 0.078 0.12912912912912913
1 0.268 0.5480480480480481 0.064 0.11711711711711711
1 0.736 0.5045045045045045 0.052 0.09009009009009009
1 0.881 0.5780780780780781 0.074 0.13513513513513514
1 0.176 0.524024024024024 0.06 0.0990990990990991
1 0.631 0.5165165165165165 0.046 0.08408408408408409
1 0.395 0.43543543543543545 0.038 0.06006006006006006
1 0.448 0.509009009009009 0.04 0.07507507507507508
1 0.531 0.506006006006006 0.042 0.06306306306306306
