1 0.944 0.31333333333333335 0.064 0.12533333333333332
1 0.063 0.32 0.066 0.11733333333333333
1 0.766 0.22266666666666668 0.068 0.11466666666666667
1 0.306 0.268 0.068 0.10933333333333334
1 0.184 0.26266666666666666 0.068 0.11466666666666667
1 0.366 0.24666666666666667 0.056 0.10933333333333334
1 0.839 0.26266666666666666 0.058 0.088
1 0.229 0.19466666666666665 0.058 0.096
1 0.838 0.16666666666666666 0.056 0.08266666666666667
1 0.476 0.2813333333333333 0.06 0.08266666666666667
1 0.503 0.216 0.054 0.09066666666666667
1 0.429 0.184 0.046 0.08
1 0.612 0.212 0.064 0.104
1 0.666 0.21333333333333335 0.052 0.09066666666666667
1 0.763 0.144 0.042 0.08
1 0.804 0.35333333333333333 0.068 0.09866666666666667
