1 0.466 0.21771771771771772 0.068 0.12912912912912913
1 0.303 0.2132132132132132 0.074 0.13813813813813813
1 0.697 0.2087087087087087 0.074 0.12912912912912913
1 0.174 0.1996996996996997 0.08 0.14114114114114115
1 0.103 0.25225225225225223 0.066 0.11411411411411411
1 0.866 0.22072072072072071 0.06 0.12912912912912913
1 0.842 0.21021021021021022 0.052 0.12012012012012012
1 0.377 0.2672672672672673 0.046 0.11411411411411411
1 0.223 0.2747747747747748 0.038 0.06306306306306306
1 0.431 0.2627627627627628 0.034 0.08708708708708708
1 0.591 0.21171171171171171 0.054 0.1111111111111111
1 0.636 0.21921921921921922 0.044 0.09009009009009009
1 0.798 0.24174174174174173 0.036 0.07507507507507508
1 0.057 0.26426426426426425 0.034 0.10810810810810811
