1 0.144 0.35135135135135137 0.076 0.11411411411411411
1 0.776 0.3408408408408408 0.068 0.12312312312312312
1 0.562 0.34384384384384387 0.064 0.10510510510510511
1 0.473 0.38738738738738737 0.05 0.1021021021021021
0 0.659 0.35285285285285284 0.026 0.05105105105105105
1 0.92 0.3858858858858859 0.04 0.06906906906906907
1 0.891 0.3918918918918919 0.034 0.06906906906906907
0 0.369 0.33633633633633636 0.026 0.04804804804804805
1 0.343 0.33633633633633636 0.026 0.042042042042042045
0 0.482 0.3213213213213213 0.028 0.04804804804804805
