1 0.08737864077669903 0.4368932038834951 0.043689320388349516 0.06472491909385113
1 0.14927184466019416 0.4110032362459547 0.055825242718446605 0.07766990291262135
1 0.2669902912621359 0.4190938511326861 0.043689320388349516 0.06796116504854369
1 0.6298543689320388 0.42718446601941745 0.06067961165048544 0.0970873786407767
1 0.8786407766990292 0.46440129449838186 0.11650485436893204 0.14563106796116504
1 0.8228155339805825 0.44336569579288027 0.03398058252427184 0.05825242718446602
1 0.7657766990291263 0.42880258899676377 0.04611650485436893 0.08090614886731391
1 0.7002427184466019 0.4449838187702265 0.03640776699029126 0.05501618122977346
1 0.5934466019417476 0.43042071197411 0.03640776699029126 0.08414239482200647
1 0.5473300970873787 0.4563106796116505 0.050970873786407765 0.08414239482200647
1 0.5169902912621359 0.45792880258899676 0.03398058252427184 0.05501618122977346
1 0.46601941747572817 0.43851132686084143 0.05825242718446602 0.08090614886731391
1 0.3567961165048544 0.42880258899676377 0.05339805825242718 0.06796116504854369
