1 0.127 0.290167865707434 0.078 0.11990407673860912
1 0.732 0.36211031175059955 0.06 0.09592326139088729
1 0.186 0.3764988009592326 0.072 0.09112709832134293
1 0.516 0.36930455635491605 0.06 0.09112709832134293
1 0.622 0.3501199040767386 0.056 0.08633093525179857
1 0.325 0.3609112709832134 0.054 0.08393285371702638
1 0.807 0.34652278177458035 0.05 0.08393285371702638
1 0.033 0.37410071942446044 0.05 0.0815347721822542
1 0.414 0.3657074340527578 0.044 0.07434052757793765
1 0.663 0.35731414868105515 0.038 0.07673860911270983
