1 0.917 0.5451807228915663 0.146 0.19879518072289157
1 0.166 0.536144578313253 0.084 0.13253012048192772
1 0.099 0.5030120481927711 0.054 0.1144578313253012
1 0.65 0.4578313253012048 0.06 0.10843373493975904
1 0.09 0.6325301204819277 0.132 0.21686746987951808
1 0.021 0.4879518072289157 0.038 0.09036144578313253
1 0.347 0.46686746987951805 0.038 0.0783132530120482
1 0.426 0.45933734939759036 0.052 0.08132530120481928
1 0.508 0.45331325301204817 0.052 0.09337349397590361
1 0.068 0.48343373493975905 0.048 0.07530120481927711
