0 0.6057692307692307 0.25666666666666665 0.06923076923076923 0.15333333333333332
0 0.7471153846153846 0.23333333333333334 0.10192307692307692 0.19333333333333333
0 0.8721153846153846 0.2633333333333333 0.10576923076923077 0.2
0 0.12980769230769232 0.2783333333333333 0.07884615384615384 0.18333333333333332
0 0.2326923076923077 0.29833333333333334 0.046153846153846156 0.13666666666666666
0 0.5605769230769231 0.31 0.04807692307692308 0.11333333333333333
1 0.4875 0.235 0.075 0.16333333333333333
1 0.2759615384615385 0.2966666666666667 0.0673076923076923 0.14
0 0.16538461538461538 0.37 0.04230769230769231 0.12
0 0.9307692307692308 0.265 0.03461538461538462 0.15666666666666668
