0 0.8185654008438819 0.733 0.0759493670886076 0.082
0 0.8080168776371308 0.597 0.05063291139240506 0.046
1 0.08227848101265822 0.498 0.05485232067510549 0.06
1 0.23734177215189872 0.58 0.07805907172995781 0.064
1 0.1540084388185654 0.517 0.06329113924050633 0.05
1 0.11708860759493671 0.531 0.04430379746835443 0.042
1 0.9345991561181435 0.625 0.0379746835443038 0.038
1 0.919831223628692 0.659 0.046413502109704644 0.046
1 0.7320675105485233 0.646 0.05485232067510549 0.056
1 0.7267932489451476 0.582 0.04008438818565401 0.04
1 0.33755274261603374 0.645 0.08016877637130802 0.066
1 0.4229957805907173 0.595 0.06118143459915612 0.062
1 0.37130801687763715 0.563 0.05063291139240506 0.054
1 0.5242616033755274 0.586 0.04430379746835443 0.036
1 0.5780590717299579 0.614 0.05063291139240506 0.04
1 0.629746835443038 0.633 0.04430379746835443 0.054
1 0.5021097046413502 0.68 0.06751054852320675 0.06
1 0.6835443037974683 0.632 0.046413502109704644 0.052
1 0.5643459915611815 0.569 0.03164556962025317 0.034
