1 0.31 0.2822822822822823 0.064 0.12612612612612611
1 0.829 0.27177177177177175 0.07 0.12312312312312312
1 0.632 0.24474474474474475 0.056 0.1111111111111111
1 0.451 0.2807807807807808 0.054 0.09309309309309309
1 0.082 0.31981981981981983 0.056 0.10510510510510511
1 0.589 0.2987987987987988 0.038 0.08708708708708708
1 0.8 0.23873873873873874 0.048 0.08108108108108109
1 0.247 0.25825825825825827 0.03 0.05405405405405406
1 0.203 0.25675675675675674 0.026 0.04504504504504504
1 0.064 0.2627627627627628 0.04 0.057057057057057055
