0 0.707 0.34384384384384387 0.04200000000000004 0.08108108108108103
0 0.649 0.37837837837837845 0.04600000000000004 0.06606606606606602
1 0.04200000000000004 0.39189189189189183 0.028000000000000025 0.0570570570570571
1 0.10499999999999998 0.41141141141141135 0.030000000000000027 0.06006006006006004
1 0.17299999999999993 0.3933933933933934 0.030000000000000027 0.06006006006006004
1 0.302 0.39039039039039036 0.03199999999999992 0.06006006006006004
1 0.41999999999999993 0.3768768768768769 0.03600000000000003 0.06906906906906896
1 0.46499999999999997 0.3723723723723723 0.038000000000000034 0.072072072072072
1 0.592 0.36036036036036034 0.03600000000000003 0.06006006006006004
1 0.519 0.3618618618618618 0.030000000000000027 0.0570570570570571
1 0.545 0.3858858858858859 0.03400000000000003 0.06306306306306309
