1 0.523 0.4194528875379939 0.038000000000000034 0.07902735562310031
1 0.9179999999999999 0.3936170212765957 0.05599999999999994 0.09422492401215804
1 0.779 0.4148936170212766 0.050000000000000044 0.08814589665653494
1 0.808 0.4042553191489362 0.03200000000000003 0.06686930091185411
1 0.7170000000000001 0.3951367781155015 0.041999999999999926 0.08510638297872342
1 0.69 0.42401215805471126 0.039999999999999925 0.06990881458966564
1 0.645 0.4376899696048632 0.041999999999999926 0.08510638297872342
1 0.6060000000000001 0.439209726443769 0.03599999999999992 0.07598784194528874
1 0.348 0.41793313069908816 0.05600000000000005 0.08814589665653494
1 0.041000000000000036 0.44072948328267475 0.03400000000000003 0.07294832826747721
1 0.06599999999999995 0.44832826747720367 0.028000000000000025 0.06382978723404253
1 0.17400000000000004 0.45592705167173253 0.04800000000000004 0.07902735562310031
1 0.267 0.4285714285714286 0.04200000000000004 0.07902735562310031
