0 0.33799999999999997 0.48933333333333334 0.043999999999999984 0.06133333333333335
0 0.692 0.488 0.052000000000000046 0.08533333333333326
1 0.04 0.5319999999999999 0.076 0.14666666666666672
1 0.093 0.508 0.057999999999999996 0.10400000000000009
1 0.21 0.5626666666666666 0.08400000000000002 0.1386666666666666
1 0.394 0.5173333333333333 0.08000000000000002 0.1226666666666667
1 0.49 0.5066666666666666 0.06000000000000005 0.10133333333333339
1 0.583 0.48533333333333323 0.04200000000000004 0.07999999999999996
1 0.6459999999999999 0.47600000000000003 0.07999999999999996 0.1306666666666666
1 0.8 0.5346666666666666 0.10799999999999998 0.16800000000000004
1 0.8939999999999999 0.4813333333333333 0.09199999999999997 0.1519999999999999
1 0.97 0.492 0.05600000000000005 0.08800000000000008
