1 0.1651651651651651 0.734 0.12012012012012008 0.07999999999999996
1 0.19069069069069072 0.591 0.14714714714714716 0.07399999999999995
1 0.21321321321321318 0.8999999999999999 0.1861861861861862 0.09999999999999998
1 0.20870870870870872 0.512 0.11111111111111116 0.06000000000000005
1 0.20120120120120122 0.851 0.1561561561561562 0.06599999999999995
1 0.2912912912912913 0.7249999999999999 0.16816816816816815 0.08599999999999997
1 0.23123123123123118 0.43699999999999994 0.10210210210210213 0.05399999999999999
1 0.2252252252252252 0.353 0.09009009009009017 0.062
1 0.24174174174174173 0.176 0.09909909909909909 0.04000000000000001
1 0.25075075075075076 0.27 0.09909909909909909 0.048000000000000015
1 0.21321321321321318 0.057 0.09009009009009006 0.05
1 0.25375375375375375 0.099 0.07507507507507505 0.03799999999999999
1 0.23423423423423423 0.15300000000000002 0.08408408408408408 0.03
1 0.26126126126126126 0.568 0.09609609609609615 0.04400000000000004
1 0.20270270270270274 0.642 0.11711711711711703 0.04400000000000004
