1 0.44252873563218387 0.281 0.09425287356321843 0.05399999999999999
1 0.43333333333333335 0.498 0.06666666666666665 0.04800000000000004
1 0.4689655172413793 0.042 0.08275862068965523 0.052000000000000005
1 0.4275862068965517 0.238 0.0735632183908046 0.04400000000000001
1 0.44712643678160924 0.15 0.06666666666666665 0.055999999999999994
1 0.44367816091954027 0.082 0.05977011494252871 0.04000000000000001
1 0.4563218390804598 0.396 0.0482758620689655 0.03200000000000003
1 0.44022988505747124 0.45299999999999996 0.06206896551724139 0.03799999999999998
1 0.45057471264367815 0.57 0.05517241379310345 0.04400000000000004
1 0.4528735632183908 0.686 0.06436781609195408 0.04400000000000004
1 0.4413793103448276 0.774 0.05057471264367819 0.040000000000000036
1 0.46091954022988507 0.836 0.0482758620689655 0.03200000000000003
1 0.4505747126436782 0.966 0.06436781609195408 0.04400000000000004
1 0.4298850574712644 0.911 0.05977011494252871 0.04200000000000004
1 0.44367816091954027 0.419 0.0367816091954023 0.018000000000000016
