1 0.2727272727272727 0.133 0.26060606060606073 0.15400000000000003
1 0.22878787878787876 0.7569999999999999 0.2333333333333334 0.13
1 0.2878787878787879 0.6139999999999999 0.1575757575757576 0.07599999999999996
1 0.3515151515151515 0.375 0.18787878787878787 0.09800000000000003
1 0.31666666666666665 0.493 0.11818181818181817 0.06600000000000006
1 0.3575757575757576 0.251 0.07272727272727264 0.04200000000000001
1 0.34090909090909094 0.30099999999999993 0.08181818181818179 0.04199999999999998
1 0.033333333333333326 0.586 0.048484848484848575 0.03200000000000003
1 0.03939393939393937 0.639 0.06060606060606066 0.030000000000000027
1 0.046969696969696995 0.694 0.05757575757575761 0.02400000000000002
1 0.17575757575757572 0.276 0.048484848484848464 0.028000000000000025
1 0.03939393939393937 0.316 0.054545454545454564 0.02400000000000002
1 0.040909090909090895 0.345 0.039393939393939315 0.02200000000000002
1 0.024242424242424232 0.398 0.042424242424242364 0.02400000000000002
1 0.03939393939393937 0.38 0.048484848484848464 0.020000000000000018
1 0.05303030303030304 0.366 0.045454545454545525 0.020000000000000018
