1 0.5631067961165048 0.912621359223301 0.06472491909385114 0.043689320388349606
1 0.5889967637540453 0.8507281553398058 0.07766990291262132 0.05582524271844669
1 0.580906148867314 0.7330097087378641 0.06796116504854377 0.043689320388349495
1 0.5728155339805825 0.3701456310679612 0.09708737864077666 0.06067961165048541
1 0.535598705501618 0.12135922330097082 0.1456310679611651 0.11650485436893199
1 0.5566343042071198 0.1771844660194175 0.058252427184466105 0.03398058252427183
1 0.5711974110032363 0.2342233009708738 0.08090614886731384 0.04611650485436891
1 0.5550161812297735 0.29975728155339815 0.055016181229773364 0.036407766990291246
1 0.56957928802589 0.40655339805825247 0.08414239482200636 0.036407766990291246
1 0.5436893203883495 0.4526699029126214 0.08414239482200658 0.050970873786407744
1 0.5420711974110033 0.4830097087378641 0.055016181229773475 0.03398058252427183
1 0.5614886731391586 0.5339805825242718 0.08090614886731384 0.058252427184465994
1 0.5711974110032363 0.6432038834951456 0.06796116504854377 0.05339805825242716
