1 0.2930513595166163 0.17 0.13293051359516617 0.07200000000000001
1 0.2854984894259818 0.349 0.11178247734138969 0.04999999999999999
1 0.3187311178247734 0.44399999999999995 0.09969788519637468 0.04799999999999999
1 0.32175226586102723 0.113 0.09365558912386707 0.04200000000000001
1 0.3126888217522658 0.30299999999999994 0.08761329305135945 0.03799999999999998
1 0.3262839879154078 0.49 0.0785498489425982 0.040000000000000036
1 0.33383685800604224 0.543 0.06344410876132933 0.038000000000000034
1 0.31117824773413905 0.24 0.0845921450151057 0.05200000000000002
1 0.3353474320241691 0.028000000000000004 0.07250755287009059 0.044
1 0.3368580060422961 0.602 0.06344410876132933 0.040000000000000036
1 0.2945619335347432 0.687 0.08761329305135945 0.04600000000000004
1 0.3293051359516616 0.75 0.06646525679758308 0.03200000000000003
