1 0.694 0.4069069069069069 0.07199999999999995 0.12912912912912916
1 0.632 0.3933933933933934 0.05600000000000005 0.10210210210210208
1 0.222 0.3963963963963964 0.04799999999999999 0.10210210210210213
1 0.175 0.3933933933933934 0.05399999999999999 0.10810810810810811
1 0.394 0.42342342342342343 0.05199999999999999 0.09009009009009006
1 0.54 0.4009009009009009 0.052000000000000046 0.09909909909909909
1 0.039 0.45795795795795796 0.05800000000000001 0.08708708708708712
1 0.32899999999999996 0.4009009009009009 0.03799999999999998 0.07507507507507505
1 0.45199999999999996 0.4114114114114114 0.03999999999999998 0.08408408408408408
1 0.30199999999999994 0.3993993993993994 0.03199999999999997 0.07207207207207206
1 0.049 0.4024024024024023 0.038000000000000006 0.07207207207207206
