1 0.769 0.20570570570570573 0.062000000000000055 0.11711711711711714
1 0.6930000000000001 0.2147147147147147 0.05399999999999994 0.11111111111111113
1 0.857 0.2012012012012012 0.05799999999999994 0.1681681681681682
1 0.403 0.22372372372372373 0.05400000000000005 0.0930930930930931
1 0.9119999999999999 0.1921921921921922 0.051999999999999935 0.16216216216216217
1 0.619 0.23723723723723725 0.026000000000000023 0.07207207207207206
1 0.9590000000000001 0.17267267267267267 0.07799999999999996 0.33933933933933935
1 0.649 0.2507507507507508 0.030000000000000027 0.0750750750750751
1 0.514 0.24324324324324326 0.04400000000000004 0.09609609609609607
1 0.548 0.22972972972972974 0.03200000000000003 0.08708708708708707
1 0.46199999999999997 0.22372372372372373 0.028000000000000025 0.06906906906906907
1 0.30000000000000004 0.25825825825825827 0.028000000000000025 0.06006006006006004
1 0.32299999999999995 0.24324324324324326 0.026000000000000023 0.07207207207207209
