0 0.7016666666666667 0.915 0.18999999999999995 0.11499999999999999
0 0.635 0.0525 0.1233333333333334 0.085
0 0.6583333333333333 0.635 0.1233333333333333 0.05500000000000005
0 0.6416666666666666 0.74875 0.11666666666666659 0.057499999999999996
0 0.6366666666666667 0.3075 0.09333333333333327 0.05499999999999999
0 0.6366666666666667 0.2175 0.09333333333333327 0.04999999999999999
1 0.6583333333333333 0.17375 0.09000000000000008 0.05249999999999999
1 0.6566666666666667 0.80125 0.12 0.057499999999999996
1 0.6183333333333334 0.44375 0.09666666666666668 0.04749999999999999
1 0.6333333333333333 0.5575000000000001 0.09999999999999998 0.04500000000000004
1 0.6566666666666666 0.5 0.08666666666666667 0.040000000000000036
0 0.6833333333333333 0.2525 0.06666666666666665 0.03500000000000003
1 0.6433333333333333 0.4 0.08666666666666667 0.044999999999999984
