1 0.40875 0.7086466165413533 0.07750000000000001 0.13157894736842102
1 0.59375 0.68796992481203 0.07250000000000001 0.15037593984962405
1 0.91 0.6729323308270676 0.08499999999999996 0.1278195488721804
1 0.80125 0.7236842105263157 0.09750000000000003 0.15413533834586468
1 0.24124999999999996 0.755639097744361 0.10250000000000004 0.1578947368421052
1 0.72125 0.5808270676691729 0.0625 0.11654135338345872
1 0.55375 0.6278195488721805 0.04749999999999999 0.12030075187969924
1 0.03875000000000001 0.5695488721804511 0.057499999999999996 0.09398496240601506
1 0.50125 0.5921052631578947 0.04749999999999999 0.0864661654135338
1 0.1725 0.6447368421052632 0.06000000000000005 0.10902255639097747
1 0.1275 0.5864661654135338 0.04500000000000004 0.09022556390977443
1 0.2924999999999999 0.5714285714285715 0.04999999999999993 0.11278195488721798
