1 0.35885885885885893 0.118 0.08108108108108109 0.039999999999999994
1 0.3288288288288288 0.255 0.08708708708708707 0.04600000000000001
1 0.3783783783783784 0.071 0.06006006006006004 0.038000000000000006
1 0.32732732732732733 0.16000000000000003 0.08408408408408408 0.04000000000000001
1 0.31681681681681684 0.32499999999999996 0.05705705705705705 0.02999999999999997
1 0.3408408408408409 0.353 0.0750750750750751 0.045999999999999985
1 0.33633633633633636 0.42299999999999993 0.08408408408408408 0.045999999999999985
1 0.3498498498498499 0.532 0.0750750750750751 0.040000000000000036
1 0.3213213213213213 0.563 0.0780780780780781 0.03400000000000003
1 0.34534534534534533 0.597 0.0780780780780781 0.04600000000000004
1 0.3423423423423423 0.747 0.07207207207207206 0.03400000000000003
1 0.31081081081081086 0.726 0.0750750750750751 0.028000000000000025
1 0.31981981981981983 0.879 0.06906906906906907 0.038000000000000034
1 0.3078078078078078 0.986 0.0930930930930931 0.028000000000000025
