1 0.8577777777777778 0.6716666666666666 0.20444444444444443 0.3633333333333334
1 0.14 0.6766666666666667 0.06222222222222218 0.1133333333333334
1 0.31000000000000005 0.6683333333333333 0.046666666666666634 0.1100000000000001
1 0.9777777777777777 0.6799999999999999 0.03555555555555556 0.09333333333333338
1 0.7044444444444444 0.645 0.0444444444444444 0.09666666666666668
1 0.66 0.6633333333333333 0.03555555555555556 0.06666666666666665
1 0.6277777777777778 0.6500000000000001 0.028888888888888964 0.05999999999999994
1 0.6011111111111112 0.6733333333333333 0.028888888888888853 0.06666666666666665
1 0.5555555555555556 0.6599999999999999 0.040000000000000036 0.08000000000000007
1 0.49111111111111116 0.6666666666666667 0.026666666666666616 0.053333333333333344
1 0.44111111111111106 0.6649999999999999 0.0377777777777778 0.07000000000000006
1 0.3911111111111111 0.6483333333333333 0.026666666666666616 0.050000000000000044
1 0.3488888888888889 0.6500000000000001 0.040000000000000036 0.07333333333333336
1 0.2644444444444445 0.635 0.03555555555555556 0.06333333333333346
1 0.2277777777777778 0.6366666666666667 0.028888888888888853 0.053333333333333344
1 0.08111111111111108 0.6599999999999999 0.0377777777777778 0.07333333333333336
