1 0.742603550295858 0.259 0.11242603550295871 0.06600000000000003
1 0.7662721893491125 0.71 0.10650887573964496 0.06400000000000006
1 0.7085798816568047 0.197 0.12130177514792895 0.07
1 0.7692307692307693 0.609 0.1301775147928994 0.06599999999999995
1 0.8284023668639053 0.504 0.11242603550295849 0.05600000000000005
1 0.757396449704142 0.8799999999999999 0.13609467455621305 0.07199999999999995
1 0.7485207100591715 0.084 0.1124260355029586 0.06
1 0.8165680473372781 0.845 0.10650887573964496 0.05400000000000005
1 0.7440828402366865 0.379 0.10946745562130178 0.05399999999999999
1 0.7470414201183433 0.43499999999999994 0.09171597633136097 0.04999999999999999
1 0.7159763313609467 0.29699999999999993 0.08875739644970415 0.02999999999999997
