1 0.028 0.2627627627627628 0.052 0.1711711711711712
1 0.171 0.3408408408408408 0.066 0.12312312312312312
1 0.243 0.3138138138138138 0.06200000000000003 0.09909909909909909
1 0.396 0.26426426426426425 0.064 0.1261261261261261
1 0.43599999999999994 0.3063063063063063 0.043999999999999984 0.10210210210210208
1 0.501 0.3063063063063063 0.05800000000000005 0.10210210210210208
1 0.586 0.32732732732732733 0.04800000000000004 0.08408408408408408
1 0.687 0.3138138138138138 0.04200000000000004 0.08108108108108109
1 0.75 0.25975975975975973 0.07199999999999995 0.12312312312312312
1 0.907 0.3498498498498498 0.04600000000000004 0.08708708708708707
