1 0.3516666666666666 0.88126159554731 0.15666666666666662 0.0853432282003711
1 0.34833333333333333 0.6512059369202226 0.13 0.05565862708719849
1 0.375 0.536178107606679 0.1299999999999999 0.06307977736549164
1 0.3433333333333333 0.7708719851576993 0.12 0.061224489795918324
1 0.37333333333333335 0.5946196660482375 0.1133333333333334 0.05009276437847865
1 0.36 0.31261595547309834 0.11999999999999988 0.05009276437847865
1 0.3950000000000001 0.1920222634508349 0.1233333333333334 0.05380333951762528
1 0.435 0.02690166975881264 0.13 0.05009276437847865
1 0.4033333333333333 0.26530612244897955 0.10666666666666669 0.04823747680890533
1 0.38333333333333336 0.34879406307977734 0.09999999999999998 0.04452690166975892
1 0.3683333333333333 0.4053803339517626 0.08333333333333326 0.042671614100185606
1 0.3483333333333333 0.9684601113172542 0.08333333333333326 0.033395176252319136
1 0.3566666666666667 0.6873840445269017 0.08666666666666667 0.03525046382189234
1 0.36500000000000005 0.7217068645640075 0.08999999999999997 0.033395176252319136
