1 0.29 0.6869851729818781 0.12 0.05601317957166385
1 0.2616666666666666 0.5395387149917628 0.11666666666666664 0.03130148270181232
1 0.28833333333333333 0.8945634266886326 0.09666666666666668 0.04283360790774304
1 0.26 0.7306425041186162 0.09333333333333335 0.03130148270181221
1 0.2783333333333333 0.6515650741350906 0.06333333333333335 0.028006589785831926
1 0.2783333333333333 0.5164744645799011 0.07666666666666666 0.021416803953871466
1 0.2833333333333333 0.4983525535420099 0.06666666666666665 0.02471169686985175
1 0.285 0.4538714991762767 0.08333333333333334 0.03130148270181221
1 0.29333333333333333 0.373146622734761 0.06666666666666665 0.03130148270181221
1 0.28 0.32784184514003284 0.10000000000000003 0.04283360790774304
1 0.255 0.29654036243822085 0.09666666666666668 0.0329489291598023
