0 0.4622356495468278 0.185 0.12084592145015105 0.07
0 0.48036253776435045 0.32499999999999996 0.10876132930513593 0.057999999999999996
0 0.49244712990936557 0.955 0.09667673716012087 0.050000000000000044
0 0.49093655589123864 0.227 0.08761329305135951 0.045999999999999985
0 0.47583081570996977 0.6 0.09365558912386707 0.03600000000000003
0 0.5060422960725075 0.647 0.07552870090634439 0.030000000000000027
0 0.49697885196374625 0.818 0.081570996978852 0.040000000000000036
0 0.5302114803625377 0.72 0.05740181268882172 0.028000000000000025
1 0.5090634441087614 0.694 0.08761329305135956 0.04400000000000004
1 0.47885196374622363 0.569 0.09365558912386712 0.04600000000000004
1 0.49093655589123864 0.46099999999999997 0.09365558912386701 0.05399999999999999
