1 0.8621013133208255 0.28833333333333333 0.08067542213883672 0.1566666666666667
1 0.4634146341463415 0.355 0.06754221388367732 0.16333333333333333
1 0.24296435272045028 0.34 0.07692307692307693 0.18666666666666665
1 0.034709193245778605 0.45 0.061913696060037514 0.16000000000000003
1 0.1848030018761726 0.32666666666666666 0.06566604127579737 0.14666666666666667
1 0.7485928705440901 0.25666666666666665 0.09756097560975607 0.20000000000000004
1 0.5562851782363978 0.34 0.0956848030018762 0.20000000000000004
1 0.9418386491557224 0.3333333333333333 0.05628517823639778 0.12
1 0.702626641651032 0.31 0.06191369606003749 0.17333333333333334
1 0.350844277673546 0.30833333333333335 0.09005628517823638 0.20333333333333337
1 0.08161350844277673 0.3883333333333333 0.046904315196998114 0.14999999999999997
