1 0.33875 0.31333333333333335 0.0774999999999999 0.1466666666666667
1 0.06875000000000003 0.29333333333333333 0.10750000000000004 0.15999999999999998
1 0.62625 0.2916666666666667 0.08250000000000002 0.16333333333333333
1 0.8287500000000001 0.30666666666666664 0.07750000000000001 0.1266666666666667
1 0.9025 0.39 0.09499999999999997 0.15333333333333332
1 0.565 0.2866666666666667 0.06000000000000005 0.14
1 0.23000000000000004 0.31500000000000006 0.13 0.21000000000000002
1 0.70125 0.34833333333333333 0.07250000000000001 0.10999999999999999
1 0.395 0.37666666666666665 0.06000000000000005 0.12
1 0.465 0.35 0.039999999999999925 0.0733333333333333
