1 0.5032051282051282 0.2833333333333333 0.09615384615384626 0.05555555555555558
1 0.5208333333333333 0.8455555555555555 0.10576923076923073 0.05111111111111111
1 0.546474358974359 0.6877777777777778 0.08653846153846156 0.046666666666666634
1 0.5320512820512819 0.13555555555555557 0.10256410256410253 0.053333333333333344
1 0.5368589743589743 0.08222222222222222 0.04807692307692313 0.026666666666666672
1 0.5240384615384616 0.2011111111111111 0.054487179487179516 0.033333333333333326
1 0.5448717948717948 0.35111111111111104 0.05769230769230771 0.03999999999999998
1 0.5336538461538461 0.4688888888888889 0.08012820512820507 0.04888888888888887
1 0.5416666666666666 0.6188888888888889 0.07051282051282048 0.046666666666666634
1 0.5240384615384616 0.79 0.06730769230769229 0.04222222222222227
1 0.5192307692307693 0.5788888888888888 0.05128205128205132 0.028888888888888853
