0 0.6619999999999999 0.36295180722891573 0.051999999999999935 0.09337349397590361
1 0.09500000000000003 0.3207831325301205 0.07799999999999996 0.14156626506024095
1 0.28800000000000003 0.3463855421686747 0.05600000000000005 0.10240963855421686
1 0.41900000000000004 0.31024096385542166 0.05400000000000005 0.10240963855421686
1 0.749 0.375 0.04200000000000004 0.09337349397590361
1 0.863 0.35843373493975905 0.05800000000000005 0.09036144578313254
1 0.712 0.35240963855421686 0.039999999999999925 0.07228915662650603
1 0.613 0.3629518072289156 0.03799999999999992 0.0753012048192771
1 0.5810000000000001 0.375 0.030000000000000027 0.0753012048192771
1 0.553 0.37349397590361444 0.030000000000000027 0.04819277108433734
1 0.489 0.34036144578313254 0.04600000000000004 0.09036144578313254
