1 0.732 0.061 0.1200000000000001 0.07400000000000001
1 0.6213333333333333 0.366 0.08533333333333337 0.05199999999999999
1 0.6893333333333334 0.17 0.07733333333333325 0.04799999999999999
1 0.6893333333333334 0.083 0.08266666666666667 0.046000000000000006
1 0.6986666666666668 0.31699999999999995 0.06399999999999995 0.03799999999999998
1 0.7120000000000001 0.381 0.058666666666666645 0.045999999999999985
1 0.6639999999999999 0.475 0.06400000000000006 0.03799999999999998
1 0.7120000000000001 0.471 0.058666666666666645 0.03799999999999998
1 0.6866666666666666 0.516 0.06666666666666665 0.04400000000000004
1 0.6946666666666667 0.598 0.06666666666666665 0.028000000000000025
1 0.6853333333333333 0.654 0.07466666666666666 0.040000000000000036
1 0.72 0.724 0.09066666666666667 0.052000000000000046
1 0.6826666666666666 0.836 0.058666666666666645 0.03600000000000003
