0 0.3566666666666667 0.5522388059701493 0.1200000000000001 0.05597014925373134
0 0.3483333333333334 0.7472014925373134 0.13666666666666671 0.0652985074626865
0 0.38333333333333336 0.9794776119402984 0.1266666666666666 0.04104477611940294
1 0.33999999999999997 0.22108208955223885 0.1266666666666667 0.06156716417910449
1 0.36 0.043843283582089554 0.1266666666666667 0.06156716417910447
1 0.35333333333333333 0.6343283582089552 0.1133333333333334 0.05597014925373134
1 0.42666666666666675 0.32089552238805974 0.11333333333333329 0.05970149253731344
1 0.36333333333333334 0.7014925373134329 0.1133333333333334 0.04477611940298509
1 0.365 0.4878731343283582 0.10999999999999988 0.054104477611940316
0 0.415 0.39365671641791045 0.13 0.05597014925373134
