0 0.038000000000000006 0.33733333333333326 0.064 0.10933333333333334
0 0.101 0.32800000000000007 0.07400000000000001 0.11733333333333335
0 0.865 0.3413333333333333 0.061999999999999944 0.09066666666666667
1 0.782 0.2866666666666667 0.11599999999999999 0.16800000000000004
1 0.477 0.3413333333333333 0.09000000000000002 0.14400000000000002
1 0.20700000000000002 0.26 0.10200000000000001 0.16266666666666668
1 0.379 0.316 0.07800000000000001 0.12
1 0.589 0.38533333333333336 0.061999999999999944 0.09866666666666668
1 0.724 0.4013333333333333 0.06400000000000006 0.1146666666666667
0 0.33599999999999997 0.3546666666666667 0.055999999999999994 0.11199999999999999
