1 0.4270000000000001 0.33224755700325737 0.06999999999999995 0.1498371335504886
1 0.21100000000000002 0.3583061889250814 0.07799999999999996 0.15635179153094458
1 0.6699999999999999 0.4267100977198698 0.08000000000000007 0.14332247557003258
1 0.911 0.4283387622149838 0.06999999999999995 0.14006514657980457
1 0.09000000000000002 0.4218241042345277 0.10399999999999998 0.19218241042345274
1 0.487 0.37622149837133556 0.050000000000000044 0.11400651465798045
1 0.352 0.3843648208469055 0.052000000000000046 0.10423452768729641
1 0.6859999999999999 0.37133550488599343 0.06000000000000005 0.10423452768729641
1 0.973 0.4299674267100977 0.04200000000000004 0.09120521172638435
1 0.766 0.4348534201954397 0.028000000000000025 0.05537459283387619
