1 0.144 0.6486486486486487 0.07600000000000001 0.1141141141141141
1 0.776 0.6591591591591591 0.06800000000000006 0.12312312312312312
1 0.562 0.6561561561561562 0.06400000000000006 0.10510510510510518
1 0.473 0.6126126126126126 0.04999999999999999 0.10210210210210213
0 0.659 0.647147147147147 0.026000000000000023 0.05105105105105101
1 0.92 0.6141141141141141 0.040000000000000036 0.06906906906906918
1 0.891 0.6081081081081081 0.03400000000000003 0.06906906906906896
0 0.369 0.6636636636636637 0.026000000000000023 0.048048048048047964
1 0.343 0.6636636636636637 0.026000000000000023 0.042042042042042094
0 0.482 0.6786786786786787 0.028000000000000025 0.048048048048048075
