1 0.8264540337711069 0.2833333333333333 0.07692307692307687 0.15333333333333332
1 0.927767354596623 0.22 0.0694183864915573 0.11333333333333334
1 0.2842401500938087 0.17833333333333334 0.07317073170731703 0.13666666666666666
1 0.7682926829268293 0.2 0.06191369606003749 0.14
1 0.075984990619137 0.38 0.11819887429643527 0.26
1 0.14258911819887427 0.22166666666666668 0.060037523452157626 0.1033333333333333
1 0.20356472795497182 0.2633333333333333 0.08067542213883683 0.1866666666666667
1 0.9615384615384615 0.3416666666666667 0.07317073170731703 0.20999999999999996
1 0.9043151969981238 0.31833333333333336 0.06754221388367732 0.20999999999999996
1 0.5131332082551594 0.16999999999999998 0.054409005628517804 0.10666666666666666
1 0.2514071294559099 0.26 0.04502814258911825 0.17333333333333334
