1 0.2866847826086957 0.735 0.09510869565217389 0.06600000000000006
1 0.29347826086956524 0.32499999999999996 0.07608695652173914 0.04600000000000004
1 0.33016304347826086 0.865 0.0842391304347826 0.038000000000000034
1 0.3491847826086957 0.8240000000000001 0.06793478260869562 0.03599999999999992
1 0.33695652173913043 0.902 0.07065217391304346 0.03600000000000003
1 0.3342391304347826 0.669 0.06521739130434784 0.03399999999999992
1 0.32744565217391297 0.5890000000000001 0.0733695652173913 0.038000000000000034
1 0.33695652173913043 0.558 0.07065217391304346 0.03600000000000003
1 0.3125 0.44899999999999995 0.08152173913043481 0.04600000000000004
1 0.29483695652173914 0.39 0.07880434782608697 0.040000000000000036
1 0.264945652173913 0.19199999999999995 0.0842391304347826 0.052000000000000046
1 0.36005434782608703 0.787 0.0516304347826087 0.030000000000000027
