1 0.786 0.4173333333333333 0.04400000000000004 0.07733333333333337
1 0.04500000000000004 0.4653333333333334 0.04200000000000004 0.07733333333333325
1 0.127 0.452 0.038000000000000034 0.07199999999999995
1 0.22199999999999998 0.4493333333333334 0.040000000000000036 0.07199999999999995
1 0.285 0.45733333333333337 0.03399999999999992 0.06666666666666665
1 0.43299999999999994 0.4559999999999999 0.038000000000000034 0.06933333333333336
1 0.52 0.4506666666666666 0.040000000000000036 0.06933333333333336
1 0.613 0.4506666666666666 0.04600000000000004 0.06933333333333336
1 0.691 0.4013333333333333 0.04600000000000004 0.06666666666666665
1 0.748 0.46 0.04400000000000004 0.07199999999999995
