1 0.33521126760563386 0.4050000000000001 0.11267605633802813 0.061999999999999944
1 0.3028169014084507 0.573 0.12112676056338023 0.06599999999999995
1 0.30704225352112674 0.749 0.10140845070422533 0.05800000000000005
1 0.3112676056338028 0.868 0.08732394366197183 0.052000000000000046
1 0.3112676056338028 0.679 0.08169014084507042 0.04999999999999993
1 0.28450704225352114 0.487 0.07887323943661972 0.038000000000000034
1 0.3056338028169014 0.43000000000000005 0.07605633802816902 0.03600000000000003
1 0.34788732394366195 0.19099999999999995 0.08732394366197171 0.05800000000000005
1 0.323943661971831 0.061000000000000054 0.06760563380281681 0.038000000000000034
1 0.3 0.15100000000000002 0.07042253521126762 0.04200000000000004
