1 0.7989999999999999 0.2319277108433735 0.06999999999999995 0.12048192771084335
1 0.265 0.21536144578313254 0.06600000000000006 0.12951807228915665
1 0.503 0.5150602409638554 0.062000000000000055 0.12048192771084343
1 0.31999999999999995 0.23795180722891565 0.052000000000000046 0.10240963855421686
1 0.030000000000000027 0.1566265060240964 0.06000000000000005 0.19277108433734944
1 0.6569999999999999 0.23644578313253012 0.062000000000000055 0.0993975903614458
1 0.11800000000000005 0.21837349397590364 0.06399999999999995 0.10542168674698799
1 0.959 0.3117469879518072 0.04200000000000004 0.08132530120481929
1 0.385 0.28012048192771083 0.04600000000000004 0.10240963855421689
1 0.5980000000000001 0.2635542168674699 0.039999999999999925 0.08132530120481929
