1 0.3942598187311178 0.03300000000000003 0.1178247734138973 0.062000000000000055
1 0.38821752265861026 0.9199999999999999 0.11178247734138969 0.06799999999999995
1 0.3942598187311178 0.403 0.09969788519637457 0.05400000000000005
1 0.41087613293051367 0.796 0.09667673716012082 0.04800000000000004
1 0.4244712990936556 0.671 0.06344410876132922 0.03399999999999992
1 0.44410876132930516 0.978 0.09063444108761332 0.040000000000000036
1 0.4531722054380665 0.8480000000000001 0.08459214501510581 0.051999999999999935
1 0.43202416918429004 0.734 0.08459214501510581 0.040000000000000036
1 0.41842900302114805 0.603 0.08157099697885184 0.04599999999999993
1 0.41389728096676737 0.5650000000000001 0.0664652567975832 0.038000000000000034
1 0.4123867069486405 0.494 0.08157099697885195 0.040000000000000036
1 0.4244712990936556 0.46399999999999997 0.06344410876132922 0.03200000000000003
1 0.4214501510574018 0.30800000000000005 0.09365558912386707 0.052000000000000046
1 0.40181268882175225 0.33599999999999997 0.0845921450151057 0.03600000000000003
1 0.41842900302114805 0.258 0.06948640483383683 0.03600000000000003
1 0.38519637462235645 0.17600000000000005 0.08761329305135956 0.052000000000000046
