1 0.11941964285714288 0.6116071428571429 0.15401785714285715 0.2410714285714286
1 0.41629464285714285 0.680059523809524 0.1852678571428571 0.2767857142857143
1 0.029017857142857144 0.4330357142857143 0.05357142857142856 0.14583333333333331
1 0.02790178571428572 0.34375 0.05133928571428571 0.11011904761904762
1 0.15959821428571427 0.34077380952380953 0.078125 0.10416666666666669
1 0.3024553571428571 0.31845238095238093 0.06473214285714285 0.10119047619047622
1 0.5792410714285714 0.37202380952380953 0.0691964285714286 0.11904761904761907
1 0.7165178571428571 0.37797619047619047 0.0848214285714286 0.14285714285714285
1 0.8537946428571428 0.6175595238095238 0.1763392857142857 0.23511904761904767
1 0.9040178571428572 0.44345238095238093 0.1116071428571429 0.16666666666666669
