1 0.043 0.2679738562091503 0.05000000000000001 0.09150326797385622
1 0.132 0.2565359477124183 0.068 0.14052287581699344
1 0.227 0.2957516339869281 0.04999999999999999 0.10784313725490194
1 0.357 0.29411764705882354 0.07 0.13725490196078435
1 0.405 0.2973856209150327 0.04199999999999998 0.0980392156862745
1 0.482 0.272875816993464 0.05600000000000005 0.1405228758169935
1 0.514 0.2990196078431372 0.028000000000000025 0.08169934640522875
1 0.583 0.25326797385620914 0.07399999999999995 0.16013071895424835
1 0.617 0.2777777777777778 0.04600000000000004 0.11764705882352944
1 0.768 0.34477124183006536 0.052000000000000046 0.11437908496732024
1 0.816 0.2826797385620915 0.052000000000000046 0.10130718954248369
1 0.8859999999999999 0.3088235294117647 0.08799999999999997 0.15359477124183007
1 0.948 0.29901960784313725 0.040000000000000036 0.10130718954248363
