1 0.52 0.45049504950495045 0.1200000000000001 0.04950495049504949
1 0.52 0.5277227722772277 0.11333333333333329 0.04950495049504955
1 0.5449999999999999 0.07425742574257425 0.09666666666666657 0.049504950495049514
1 0.52 0.3504950495049505 0.10666666666666669 0.051485148514851475
1 0.5316666666666667 0.16732673267326734 0.09666666666666668 0.04950495049504949
1 0.5283333333333333 0.600990099009901 0.10333333333333339 0.04158415841584162
1 0.54 0.6623762376237624 0.09333333333333338 0.045544554455445585
1 0.5449999999999999 0.8336633663366336 0.07666666666666666 0.0435643564356436
1 0.5266666666666667 0.2584158415841584 0.10666666666666669 0.04950495049504952
1 0.5283333333333333 0.7445544554455445 0.09666666666666668 0.05148514851485153
1 0.49833333333333335 0.9217821782178218 0.08333333333333337 0.04158415841584162
