1 0.63 0.39489489489489493 0.05600000000000005 0.10510510510510512
1 0.693 0.4039039039039039 0.06600000000000006 0.12312312312312312
1 0.176 0.3948948948948949 0.05199999999999999 0.11711711711711714
1 0.224 0.3963963963963964 0.04799999999999999 0.10210210210210213
1 0.54 0.3993993993993994 0.052000000000000046 0.10210210210210208
1 0.394 0.4204204204204205 0.05199999999999999 0.0960960960960961
1 0.036 0.4504504504504505 0.052000000000000005 0.09009009009009011
1 0.048 0.3993993993993994 0.04000000000000001 0.07207207207207206
1 0.32599999999999996 0.40390390390390396 0.03999999999999998 0.0750750750750751
1 0.29899999999999993 0.397897897897898 0.02999999999999997 0.08108108108108109
1 0.45299999999999996 0.4159159159159159 0.03799999999999998 0.08108108108108109
