1 0.6923076923076923 0.118 0.15384615384615374 0.10799999999999998
1 0.6849112426035503 0.869 0.10355029585798814 0.061999999999999944
1 0.6612426035502958 0.46799999999999997 0.1272189349112427 0.055999999999999994
1 0.6523668639053255 0.42000000000000004 0.13905325443786987 0.064
1 0.6952662721893491 0.701 0.11242603550295871 0.05400000000000005
1 0.6050295857988166 0.579 0.10355029585798825 0.05800000000000005
1 0.6523668639053255 0.363 0.09171597633136097 0.04999999999999999
1 0.665680473372781 0.219 0.09467455621301768 0.057999999999999996
1 0.6730769230769231 0.256 0.09763313609467461 0.04000000000000001
1 0.653846153846154 0.767 0.053254437869822424 0.03400000000000003
