1 0.8559999999999999 0.5933333333333333 0.09599999999999997 0.1466666666666666
1 0.661 0.6506666666666667 0.061999999999999944 0.10133333333333328
1 0.971 0.64 0.04600000000000004 0.10666666666666669
1 0.784 0.6786666666666665 0.04800000000000004 0.08799999999999997
1 0.274 0.6666666666666666 0.04800000000000004 0.07466666666666666
1 0.3529999999999999 0.6480000000000001 0.041999999999999926 0.06399999999999995
1 0.40099999999999997 0.6706666666666667 0.041999999999999926 0.07733333333333337
1 0.485 0.6813333333333333 0.04600000000000004 0.07733333333333325
1 0.573 0.6880000000000001 0.04600000000000004 0.07466666666666666
1 0.957 0.6639999999999999 0.050000000000000044 0.06933333333333336
