1 0.513 0.5640000000000001 0.05800000000000005 0.10399999999999998
1 0.605 0.5800000000000001 0.04200000000000004 0.09333333333333327
1 0.821 0.5706666666666667 0.05800000000000005 0.09600000000000009
1 0.673 0.5906666666666667 0.05400000000000005 0.08800000000000008
1 0.34 0.5853333333333334 0.05599999999999994 0.08266666666666667
1 0.38899999999999996 0.552 0.04999999999999993 0.07999999999999996
1 0.40399999999999997 0.6053333333333333 0.039999999999999925 0.06400000000000006
1 0.46499999999999997 0.6133333333333334 0.050000000000000044 0.09066666666666667
1 0.576 0.584 0.028000000000000025 0.09066666666666667
1 0.745 0.572 0.050000000000000044 0.08266666666666667
