1 0.6902985074626866 0.852 0.08208955223880599 0.05600000000000005
1 0.6753731343283582 0.709 0.07711442786069655 0.04200000000000004
1 0.6629353233830846 0.022 0.052238805970149294 0.027999999999999997
1 0.6853233830845771 0.072 0.05223880597014918 0.032
1 0.681592039800995 0.131 0.07462686567164178 0.05000000000000002
1 0.6828358208955223 0.189 0.05223880597014918 0.025999999999999995
1 0.6940298507462687 0.214 0.07462686567164178 0.043999999999999984
1 0.6766169154228856 0.274 0.08457711442786076 0.043999999999999984
1 0.6666666666666667 0.37 0.05472636815920395 0.03999999999999998
1 0.681592039800995 0.42499999999999993 0.05970149253731338 0.03799999999999998
1 0.664179104477612 0.469 0.06467661691542281 0.04199999999999998
1 0.6716417910447761 0.507 0.06965174129353235 0.04200000000000004
1 0.6766169154228855 0.537 0.05970149253731338 0.038000000000000034
1 0.6679104477611939 0.581 0.07213930348258712 0.04200000000000004
