1 0.3168168168168168 0.6679999999999999 0.14714714714714716 0.08799999999999997
1 0.2222222222222222 0.9179999999999999 0.16216216216216206 0.09999999999999998
1 0.2612612612612613 0.046000000000000096 0.17417417417417413 0.09199999999999997
1 0.2702702702702703 0.44299999999999995 0.12612612612612617 0.06600000000000006
1 0.26726726726726724 0.53 0.10810810810810811 0.052000000000000046
1 0.2207207207207207 0.716 0.11111111111111116 0.06000000000000005
1 0.2387387387387387 0.245 0.11711711711711714 0.06600000000000006
1 0.2177177177177177 0.28700000000000003 0.10510510510510518 0.04600000000000004
1 0.19069069069069067 0.488 0.11111111111111116 0.04400000000000004
1 0.21771771771771775 0.611 0.0930930930930931 0.04599999999999993
1 0.19819819819819823 0.793 0.08408408408408408 0.050000000000000044
1 0.2222222222222222 0.6639999999999999 0.072072072072072 0.03599999999999992
1 0.22222222222222215 0.129 0.06606606606606602 0.038000000000000034
1 0.22972972972972971 0.20299999999999996 0.07507507507507505 0.03400000000000003
