1 0.09100000000000003 0.6543408360128617 0.06999999999999995 0.13183279742765275
1 0.314 0.6704180064308682 0.05999999999999994 0.112540192926045
1 0.369 0.662379421221865 0.05400000000000005 0.10289389067524113
1 0.474 0.6704180064308682 0.05600000000000005 0.09967845659163987
1 0.22999999999999998 0.6591639871382637 0.04800000000000004 0.090032154340836
1 0.903 0.6559485530546624 0.04599999999999993 0.07717041800643076
1 0.933 0.6704180064308682 0.029999999999999916 0.06109324758842438
1 0.7150000000000001 0.6511254019292605 0.04599999999999993 0.08038585209003213
1 0.607 0.6543408360128617 0.03799999999999992 0.08681672025723475
1 0.5780000000000001 0.6318327974276527 0.028000000000000025 0.067524115755627
