1 0.28056426332288403 0.88125 0.1536050156739811 0.11250000000000004
1 0.23510971786833856 0.803125 0.08150470219435735 0.03541666666666665
1 0.1833855799373041 0.9750000000000001 0.059561128526645746 0.025000000000000022
1 0.24764890282131657 0.7593749999999999 0.13793103448275867 0.06874999999999998
1 0.16457680250783702 0.7197916666666666 0.0658307210031348 0.039583333333333304
1 0.2272727272727273 0.6625 0.11598746081504707 0.0708333333333333
1 0.24294670846394983 0.5979166666666667 0.09717868338557989 0.054166666666666696
1 0.19122257053291536 0.5666666666666667 0.056426332288401326 0.033333333333333215
1 0.2601880877742947 0.5135416666666666 0.12539184952978055 0.06874999999999998
1 0.3087774294670847 0.39270833333333327 0.12225705329153602 0.05208333333333337
1 0.4043887147335423 0.13541666666666669 0.1316614420062696 0.10833333333333328
1 0.26332288401253917 0.09791666666666671 0.09404388714733536 0.04166666666666663
1 0.2774294670846395 0.18645833333333328 0.07836990595611282 0.039583333333333304
0 0.23354231974921635 0.24062499999999998 0.07210031347962387 0.03541666666666665
0 0.23040752351097182 0.2885416666666667 0.07836990595611293 0.03541666666666665
0 0.24608150470219436 0.321875 0.07836990595611293 0.039583333333333304
1 0.25862068965517243 0.3572916666666667 0.09717868338558 0.039583333333333304
0 0.1896551724137931 0.3854166666666666 0.040752351097178674 0.02083333333333337
