0 0.53 0.37110481586402266 0.06000000000000005 0.12464589235127477
0 0.11199999999999999 0.43342776203966005 0.05600000000000005 0.10198300283286121
0 0.23199999999999998 0.42776203966005666 0.05600000000000005 0.08498583569405099
1 0.3980000000000001 0.3668555240793201 0.07199999999999995 0.1388101983002833
1 0.839 0.3682719546742209 0.08199999999999996 0.1359773371104816
1 0.6499999999999999 0.405099150141643 0.07199999999999995 0.1359773371104816
1 0.5900000000000001 0.4235127478753541 0.04400000000000004 0.08781869688385269
1 0.787 0.4121813031161473 0.050000000000000044 0.09915014164305952
1 0.734 0.4291784702549575 0.040000000000000036 0.06515580736543908
1 0.45999999999999996 0.4235127478753541 0.040000000000000036 0.07648725212464591
0 0.32199999999999995 0.43201133144475923 0.052000000000000046 0.09915014164305952
