0 0.2594086021505376 0.148 0.15322580645161293 0.08000000000000002
0 0.3064516129032258 0.41600000000000004 0.11290322580645162 0.064
0 0.3185483870967742 0.5819999999999999 0.09946236559139787 0.05999999999999994
1 0.3239247311827957 0.254 0.10483870967741937 0.06800000000000003
1 0.2903225806451613 0.089 0.09139784946236562 0.05399999999999999
1 0.44758064516129037 0.30699999999999994 0.05107526881720431 0.02999999999999997
1 0.42607526881720437 0.643 0.05645161290322581 0.03400000000000003
0 0.428763440860215 0.921 0.06720430107526881 0.038000000000000034
1 0.4395161290322581 0.83 0.04569892473118281 0.028000000000000025
1 0.43145161290322587 0.703 0.05107526881720431 0.03400000000000003
