0 0.6531531531531531 0.498 0.18918918918918914 0.08400000000000002
0 0.7162162162162162 0.06 0.3153153153153152 0.11599999999999999
0 0.5990990990990992 0.631 0.22522522522522526 0.11399999999999999
0 0.6636636636636637 0.8359999999999999 0.1861861861861862 0.07999999999999996
1 0.6951951951951951 0.6949999999999998 0.14114114114114107 0.08599999999999997
1 0.5720720720720721 0.23400000000000004 0.2432432432432432 0.13200000000000003
1 0.6441441441441441 0.41 0.18318318318318316 0.08799999999999997
1 0.6051051051051052 0.9100000000000001 0.2432432432432432 0.132
1 0.6651651651651651 0.227 0.1291291291291291 0.07400000000000001
0 0.6126126126126126 0.326 0.06006006006006004 0.028000000000000025
