1 0.808 0.6511976047904192 0.07999999999999996 0.1467065868263473
1 0.2760000000000001 0.13323353293413173 0.10399999999999998 0.17065868263473055
1 0.6439999999999999 0.6931137724550899 0.07599999999999996 0.12874251497005984
1 0.875 0.6272455089820359 0.05400000000000005 0.1107784431137725
1 0.39100000000000007 0.6706586826347305 0.061999999999999944 0.10179640718562877
1 0.764 0.6332335329341318 0.03600000000000003 0.08682634730538918
1 0.98 0.6152694610778444 0.03200000000000003 0.1107784431137725
1 0.5790000000000001 0.6541916167664671 0.04200000000000004 0.08682634730538918
1 0.516 0.6497005988023952 0.04800000000000004 0.09580838323353291
1 0.45599999999999996 0.6736526946107785 0.04400000000000004 0.08383233532934131
1 0.6970000000000001 0.6482035928143712 0.041999999999999926 0.07485029940119758
