1 0.30930930930930933 0.6339999999999999 0.12612612612612614 0.06799999999999995
1 0.2852852852852853 0.925 0.20420420420420424 0.134
1 0.2927927927927928 0.247 0.12912912912912916 0.06200000000000003
1 0.26726726726726735 0.7709999999999999 0.1681681681681682 0.08999999999999997
1 0.26126126126126126 0.421 0.1741741741741742 0.09799999999999998
1 0.20270270270270271 0.192 0.16516516516516516 0.096
1 0.3138138138138138 0.507 0.12312312312312312 0.06600000000000006
1 0.34234234234234234 0.701 0.10810810810810811 0.05800000000000005
1 0.33783783783783783 0.582 0.0930930930930931 0.04800000000000004
1 0.33333333333333337 0.30299999999999994 0.0960960960960961 0.04999999999999999
1 0.2672672672672673 0.132 0.1141141141141141 0.068
