1 0.7710674157303371 0.468 0.1207865168539326 0.07599999999999996
1 0.7514044943820225 0.393 0.1376404494382022 0.07400000000000001
1 0.6769662921348314 0.732 0.1179775280898876 0.06800000000000006
1 0.7289325842696629 0.883 0.1432584269662922 0.06999999999999995
1 0.7247191011235955 0.214 0.1292134831460674 0.068
1 0.7682584269662921 0.079 0.1207865168539326 0.066
1 0.7556179775280899 0.6159999999999999 0.1404494382022472 0.07599999999999996
1 0.7640449438202248 0.266 0.1179775280898877 0.05600000000000002
1 0.7317415730337079 0.675 0.0814606741573034 0.04200000000000004
1 0.7626404494382022 0.819 0.0926966292134831 0.05400000000000005
1 0.7331460674157303 0.985 0.0898876404494382 0.030000000000000027
