1 0.47479838709677424 0.5440729483282675 0.0625 0.12765957446808507
1 0.7358870967741935 0.5273556231003038 0.08870967741935487 0.1428571428571429
1 0.2026209677419355 0.4893617021276596 0.094758064516129 0.13981762917933138
1 0.31249999999999994 0.4969604863221885 0.08064516129032262 0.11854103343465039
1 0.6088709677419355 0.4832826747720365 0.03629032258064513 0.08510638297872342
1 0.5816532258064516 0.4924012158054712 0.030241935483870996 0.08510638297872342
1 0.3911290322580645 0.48176291793313075 0.040322580645161255 0.06382978723404253
1 0.08971774193548382 0.4756838905775076 0.050403225806451624 0.08814589665653494
1 0.65625 0.42097264437689974 0.042338709677419484 0.08814589665653494
1 0.13810483870967732 0.4620060790273556 0.03427419354838712 0.07902735562310026
