0 0.696969696969697 0.22 0.1454545454545454 0.08800000000000002
0 0.7484848484848485 0.05 0.12727272727272732 0.068
1 0.6878787878787879 0.30299999999999994 0.07878787878787885 0.04199999999999998
1 0.6666666666666667 0.357 0.11515151515151512 0.057999999999999996
0 0.7106060606060607 0.42999999999999994 0.11212121212121218 0.055999999999999994
0 0.7257575757575758 0.543 0.14242424242424245 0.07000000000000006
1 0.703030303030303 0.6 0.10909090909090913 0.05600000000000005
1 0.696969696969697 0.6699999999999999 0.12121212121212122 0.06399999999999995
1 0.6787878787878788 0.747 0.10909090909090913 0.05400000000000005
1 0.6848484848484848 0.785 0.07272727272727264 0.03400000000000003
1 0.6833333333333333 0.925 0.14242424242424245 0.07399999999999995
1 0.6696969696969697 0.976 0.12727272727272732 0.040000000000000036
