1 0.8260000000000001 0.7192192192192193 0.10799999999999998 0.1711711711711712
1 0.13300000000000006 0.7012012012012012 0.06599999999999995 0.1351351351351351
1 0.4310000000000001 0.7342342342342343 0.08199999999999996 0.16516516516516522
1 0.6519999999999999 0.7492492492492493 0.09599999999999997 0.15915915915915912
1 0.25800000000000006 0.7687687687687688 0.10799999999999998 0.20420420420420426
1 0.038000000000000034 0.7312312312312312 0.05600000000000005 0.1351351351351351
1 0.483 0.6846846846846847 0.04200000000000004 0.10210210210210202
1 0.379 0.7147147147147147 0.04200000000000004 0.10210210210210202
1 0.903 0.6876876876876876 0.04999999999999993 0.10210210210210213
1 0.754 0.6906906906906907 0.03200000000000003 0.07207207207207211
1 0.972 0.6696696696696697 0.052000000000000046 0.10810810810810811
1 0.532 0.6816816816816818 0.03200000000000003 0.06006006006006004
1 0.349 0.6966966966966968 0.04200000000000004 0.08408408408408408
1 0.5810000000000001 0.6606606606606606 0.04200000000000004 0.0780780780780781
1 0.603 0.7177177177177176 0.03400000000000003 0.09009009009009006
1 0.016000000000000014 0.7852852852852853 0.03200000000000003 0.18918918918918926
