0 0.74 0.6039156626506024 0.05600000000000005 0.1174698795180723
0 0.506 0.5858433734939759 0.04400000000000004 0.09337349397590355
1 0.798 0.552710843373494 0.07199999999999995 0.12951807228915657
1 0.29900000000000004 0.5978915662650603 0.06600000000000006 0.13554216867469882
1 0.06599999999999989 0.6671686746987953 0.124 0.20783132530120485
1 0.4070000000000001 0.5828313253012047 0.06599999999999995 0.1174698795180723
1 0.16900000000000004 0.5963855421686747 0.05800000000000005 0.12048192771084332
1 0.86 0.5587349397590362 0.05600000000000005 0.0993975903614458
1 0.6140000000000001 0.5481927710843373 0.051999999999999935 0.10843373493975894
1 0.243 0.572289156626506 0.04600000000000004 0.09036144578313254
1 0.33999999999999997 0.5828313253012047 0.03600000000000003 0.09337349397590355
1 0.9179999999999999 0.5286144578313253 0.04399999999999993 0.08734939759036142
1 0.6500000000000001 0.516566265060241 0.04799999999999993 0.09337349397590355
1 0.5750000000000001 0.5948795180722892 0.03400000000000003 0.06927710843373502
1 0.55 0.5391566265060241 0.04400000000000004 0.07831325301204817
1 0.20199999999999996 0.5632530120481928 0.03600000000000003 0.09638554216867479
1 0.472 0.5391566265060241 0.040000000000000036 0.07831325301204817
