1 0.765 0.32680722891566266 0.062000000000000055 0.13554216867469882
1 0.481 0.32831325301204817 0.05800000000000005 0.10843373493975905
1 0.651 0.4141566265060241 0.12199999999999989 0.20783132530120485
1 0.13700000000000007 0.4231927710843374 0.10599999999999998 0.1656626506024097
1 0.34099999999999997 0.31475903614457834 0.04600000000000004 0.09337349397590361
1 0.724 0.7213855421686748 0.19599999999999995 0.3162650602409639
1 0.17600000000000005 0.6039156626506024 0.19199999999999995 0.2981927710843374
1 0.014000000000000012 0.3629518072289157 0.028000000000000025 0.08132530120481929
1 0.29300000000000004 0.33283132530120485 0.050000000000000044 0.10542168674698799
1 0.518 0.3147590361445783 0.040000000000000036 0.0993975903614458
1 0.7170000000000001 0.33584337349397597 0.04999999999999993 0.10542168674698799
