0 0.18541666666666667 0.31974921630094044 0.05833333333333335 0.11912225705329155
0 0.8354166666666667 0.46394984326018807 0.05833333333333335 0.10031347962382448
1 0.5114583333333333 0.44670846394984326 0.04791666666666661 0.08463949843260188
1 0.6677083333333333 0.4670846394984326 0.04375000000000007 0.09404388714733547
1 0.415625 0.44357366771159873 0.03125 0.0658307210031348
1 0.39166666666666666 0.4341692789968652 0.029166666666666674 0.07210031347962381
1 0.3364583333333333 0.4467084639498433 0.043749999999999956 0.07836990595611287
1 0.6229166666666667 0.48119122257053293 0.04166666666666674 0.07210031347962387
1 0.7072916666666667 0.48589341692789967 0.03125 0.05642633228840127
1 0.5729166666666667 0.4952978056426332 0.033333333333333326 0.056426332288401215
1 0.90625 0.49529780564263315 0.050000000000000044 0.09404388714733541
0 0.9447916666666667 0.5094043887147336 0.03541666666666665 0.07210031347962387
