0 0.34520123839009287 0.757 0.10216718266253871 0.05800000000000005
1 0.35758513931888547 0.6380000000000001 0.11455108359133126 0.05999999999999994
1 0.3498452012383901 0.863 0.12383900928792568 0.06600000000000006
1 0.34674922600619196 0.258 0.09907120743034059 0.052000000000000046
1 0.3513931888544891 0.139 0.08978328173374611 0.05400000000000005
1 0.3235294117647059 0.488 0.10835913312693501 0.05600000000000005
1 0.34674922600619196 0.334 0.10526315789473684 0.05999999999999994
1 0.34829721362229105 0.547 0.08359133126934987 0.04200000000000004
1 0.33436532507739936 0.681 0.08049535603715169 0.041999999999999926
1 0.33126934984520123 0.405 0.06811145510835914 0.03400000000000003
