1 0.5043763676148796 0.34 0.14223194748358858 0.10799999999999998
1 0.48030634573304154 0.6339999999999999 0.10722100656455136 0.07199999999999995
1 0.5218818380743983 0.2 0.11597374179431075 0.07999999999999999
1 0.5065645514223196 0.929 0.0940919037199125 0.06999999999999995
1 0.47374179431072205 0.505 0.1422319474835887 0.09000000000000002
1 0.5 0.42700000000000005 0.10722100656455147 0.066
1 0.5054704595185995 0.807 0.10503282275711168 0.07000000000000006
1 0.5175054704595186 0.05399999999999999 0.09846827133479208 0.068
1 0.4912472647702407 0.261 0.09846827133479219 0.05400000000000002
1 0.5317286652078774 0.7 0.07439824945295415 0.05600000000000005
