1 0.4249249249249249 0.1620000000000001 0.15915915915915912 0.07999999999999996
1 0.4339339339339339 0.6279999999999999 0.11711711711711714 0.07199999999999995
1 0.42192192192192196 0.461 0.1291291291291291 0.07799999999999996
1 0.451951951951952 0.732 0.11711711711711714 0.06400000000000006
1 0.49549549549549554 0.264 0.09009009009009006 0.052000000000000046
1 0.4219219219219219 0.11900000000000005 0.1351351351351351 0.07399999999999995
1 0.47597597597597596 0.8240000000000001 0.0990990990990992 0.05999999999999994
1 0.48348348348348347 0.369 0.08408408408408419 0.04600000000000004
1 0.5645645645645645 0.605 0.06006006006006004 0.03799999999999992
1 0.49099099099099097 0.552 0.07507507507507505 0.040000000000000036
1 0.493993993993994 0.469 0.06306306306306309 0.04200000000000004
