1 0.6866666666666666 0.944 0.1253333333333333 0.06400000000000006
1 0.6799999999999999 0.063 0.11733333333333329 0.066
1 0.7773333333333333 0.766 0.1146666666666667 0.06800000000000006
1 0.732 0.30600000000000005 0.10933333333333328 0.068
1 0.7373333333333334 0.184 0.11466666666666658 0.068
1 0.7533333333333334 0.366 0.1093333333333334 0.055999999999999994
1 0.7373333333333334 0.839 0.08799999999999997 0.05800000000000005
1 0.8053333333333332 0.229 0.09599999999999997 0.057999999999999996
1 0.8333333333333334 0.838 0.08266666666666667 0.05600000000000005
1 0.7186666666666667 0.476 0.08266666666666667 0.06000000000000005
1 0.784 0.503 0.09066666666666667 0.05400000000000005
1 0.8160000000000001 0.42899999999999994 0.07999999999999996 0.045999999999999985
1 0.788 0.6119999999999999 0.10399999999999998 0.06399999999999995
1 0.7866666666666666 0.666 0.09066666666666667 0.052000000000000046
1 0.8560000000000001 0.763 0.07999999999999996 0.04200000000000004
1 0.6466666666666666 0.804 0.09866666666666668 0.06800000000000006
