1 0.40301003344481606 0.9544444444444444 0.050167224080267636 0.028888888888888964
1 0.4280936454849498 0.9 0.1270903010033445 0.07111111111111112
1 0.4230769230769231 0.7844444444444445 0.07023411371237465 0.0444444444444444
1 0.4347826086956521 0.731111111111111 0.10702341137123739 0.053333333333333344
1 0.411371237458194 0.63 0.15384615384615385 0.08666666666666667
1 0.41137123745819393 0.6722222222222223 0.10702341137123739 0.0377777777777778
1 0.38461538461538464 0.5900000000000001 0.14715719063545152 0.05111111111111111
1 0.423076923076923 0.54 0.09030100334448155 0.053333333333333344
1 0.3946488294314381 0.3422222222222222 0.10033444816053505 0.06666666666666665
1 0.40635451505016723 0.2222222222222222 0.13043478260869568 0.06666666666666665
1 0.3678929765886288 0.030000000000000027 0.20735785953177255 0.06000000000000005
