0 0.44249201277955263 0.04893617021276596 0.04153354632587858 0.0297872340425532
1 0.41373801916932906 0.18085106382978722 0.15015974440894575 0.08936170212765956
1 0.4249201277955272 0.11808510638297873 0.057507987220447254 0.03191489361702127
1 0.4009584664536741 0.38936170212765964 0.08626198083067094 0.05531914893617024
1 0.3961661341853035 0.451063829787234 0.0894568690095846 0.05531914893617018
1 0.40575079872204467 0.5234042553191489 0.07028753993610226 0.03829787234042559
1 0.4185303514376997 0.5595744680851064 0.0638977635782747 0.03404255319148941
1 0.40734824281150167 0.6202127659574468 0.04792332268370603 0.02765957446808509
1 0.41373801916932906 0.6872340425531915 0.06709265175718859 0.04255319148936165
1 0.40415335463258784 0.7563829787234042 0.06709265175718859 0.04042553191489362
1 0.39137380191693283 0.824468085106383 0.060702875399361034 0.04042553191489362
1 0.39297124600638983 0.8680851063829788 0.057507987220447254 0.025531914893617058
1 0.38338658146964855 0.9180851063829787 0.07028753993610226 0.04042553191489362
1 0.38498402555910544 0.9776595744680852 0.04792332268370603 0.023404255319148914
