1 0.29016786570743397 0.873 0.11990407673860914 0.07799999999999996
1 0.3621103117505996 0.268 0.09592326139088736 0.06000000000000005
1 0.3764988009592326 0.8140000000000001 0.09112709832134303 0.07199999999999995
1 0.36930455635491605 0.484 0.09112709832134291 0.06000000000000005
1 0.3501199040767386 0.378 0.08633093525179858 0.05600000000000005
1 0.3609112709832134 0.675 0.0839328537170263 0.05399999999999994
1 0.34652278177458035 0.19299999999999995 0.08393285371702641 0.050000000000000044
1 0.3741007194244604 0.967 0.08153477218225424 0.050000000000000044
1 0.36570743405275774 0.5860000000000001 0.07434052757793763 0.04400000000000004
1 0.35731414868105515 0.33699999999999997 0.0767386091127098 0.038000000000000034
