1 0.37187500000000007 0.15 0.10624999999999996 0.06
1 0.371875 0.893 0.08750000000000002 0.05400000000000005
1 0.3671875 0.103 0.05312500000000009 0.03
1 0.3796875 0.269 0.07187500000000002 0.03400000000000003
1 0.35937499999999994 0.30499999999999994 0.08124999999999993 0.045999999999999985
1 0.3640625 0.33499999999999996 0.07187500000000002 0.03799999999999998
1 0.3578124999999999 0.4139999999999999 0.07187500000000002 0.03199999999999997
1 0.3843750000000001 0.498 0.06874999999999998 0.040000000000000036
1 0.36093749999999997 0.624 0.07187500000000002 0.040000000000000036
1 0.39687500000000003 0.788 0.06874999999999998 0.04800000000000004
