1 0.174 0.3933333333333333 0.11599999999999999 0.15733333333333333
1 0.086 0.42000000000000004 0.08400000000000002 0.1253333333333333
1 0.806 0.508 0.06800000000000006 0.09333333333333327
1 0.221 0.4946666666666667 0.062 0.08266666666666667
1 0.127 0.504 0.05000000000000002 0.058666666666666645
1 0.154 0.54 0.04799999999999999 0.06133333333333335
1 0.21400000000000002 0.5693333333333334 0.04000000000000001 0.05066666666666664
1 0.497 0.5693333333333334 0.03400000000000003 0.06666666666666665
1 0.651 0.5546666666666666 0.050000000000000044 0.06400000000000006
1 0.717 0.548 0.05800000000000005 0.07733333333333337
