1 0.899 0.3083832335329342 0.06999999999999995 0.14970059880239522
1 0.32500000000000007 0.30988023952095806 0.08200000000000002 0.1467065868263473
1 0.56 0.3083832335329341 0.07199999999999995 0.13772455089820357
1 0.043 0.2844311377245509 0.07 0.17964071856287422
1 0.833 0.36377245508982037 0.11399999999999999 0.2245508982035928
1 0.121 0.3338323353293413 0.122 0.218562874251497
1 0.486 0.33682634730538924 0.08800000000000002 0.1586826347305389
1 0.243 0.25 0.10599999999999998 0.218562874251497
1 0.706 0.3068862275449102 0.09599999999999997 0.1946107784431138
1 0.379 0.3053892215568863 0.057999999999999996 0.10778443113772457
1 0.641 0.3143712574850299 0.050000000000000044 0.11377245508982037
