1 0.6831831831831832 0.764 0.1651651651651651 0.07600000000000007
1 0.6666666666666666 0.6039999999999999 0.16816816816816815 0.09599999999999997
1 0.6801801801801801 0.08799999999999991 0.23723723723723722 0.128
1 0.6261261261261262 0.35800000000000004 0.11711711711711714 0.05999999999999994
1 0.6876876876876876 0.4310000000000001 0.18018018018018023 0.10199999999999998
1 0.6636636636636636 0.24400000000000005 0.19819819819819817 0.09599999999999997
1 0.7372372372372371 0.028000000000000025 0.23723723723723722 0.05600000000000005
1 0.5990990990990991 0.884 0.08708708708708701 0.04800000000000004
1 0.6006006006006006 0.511 0.0780780780780781 0.04200000000000004
1 0.6006006006006006 0.18400000000000005 0.11411411411411398 0.05600000000000005
1 0.5930930930930931 0.6839999999999999 0.08108108108108114 0.039999999999999925
