1 0.1650000000000001 0.2909967845659164 0.061999999999999944 0.10610932475884247
1 0.773 0.3070739549839228 0.050000000000000044 0.112540192926045
1 0.378 0.29260450160771706 0.05600000000000005 0.10289389067524113
1 0.613 0.2845659163987138 0.04999999999999993 0.09967845659163987
1 0.44799999999999995 0.31832797427652726 0.052000000000000046 0.09646302250803857
1 0.526 0.2942122186495177 0.052000000000000046 0.10610932475884241
1 0.861 0.30707395498392287 0.05400000000000005 0.10610932475884244
1 0.6890000000000001 0.2797427652733119 0.05399999999999994 0.10289389067524118
1 0.258 0.31832797427652726 0.052000000000000046 0.09646302250803857
1 0.30900000000000005 0.2958199356913183 0.05400000000000005 0.10932475884244375
