0 0.3566666666666667 0.34099999999999997 0.14000000000000012 0.05800000000000005
0 0.3433333333333333 0.472 0.12 0.06000000000000005
0 0.32000000000000006 0.921 0.1333333333333333 0.06599999999999995
0 0.32499999999999996 0.613 0.1166666666666667 0.05799999999999994
0 0.36666666666666664 0.789 0.12 0.05800000000000005
0 0.31666666666666665 0.6950000000000001 0.10666666666666669 0.04999999999999993
0 0.35999999999999993 0.861 0.09333333333333338 0.050000000000000044
1 0.3883333333333333 0.15600000000000003 0.09000000000000008 0.04400000000000004
0 0.36666666666666664 0.983 0.09333333333333338 0.030000000000000027
0 0.3616666666666667 0.729 0.08333333333333326 0.038000000000000034
1 0.3433333333333333 0.548 0.09999999999999998 0.04400000000000004
1 0.3866666666666666 0.42000000000000004 0.06666666666666665 0.028000000000000025
1 0.4083333333333333 0.237 0.05666666666666664 0.026000000000000023
1 0.405 0.19399999999999995 0.05666666666666664 0.03200000000000003
1 0.385 0.09799999999999998 0.07666666666666666 0.04400000000000004
1 0.3933333333333333 0.39 0.05333333333333323 0.02400000000000002
1 0.3883333333333333 0.06399999999999995 0.05666666666666664 0.028000000000000025
1 0.38999999999999996 0.029000000000000026 0.05999999999999994 0.026000000000000023
