0 0.4013333333333333 0.965 0.10400000000000009 0.062000000000000055
1 0.47333333333333333 0.04200000000000009 0.15200000000000002 0.08399999999999996
1 0.42133333333333334 0.772 0.09600000000000009 0.06000000000000005
1 0.39599999999999996 0.44599999999999995 0.09333333333333338 0.04800000000000004
1 0.3933333333333333 0.526 0.07200000000000006 0.05600000000000005
1 0.3853333333333333 0.6739999999999999 0.09333333333333327 0.04799999999999993
1 0.3746666666666667 0.847 0.07200000000000006 0.04599999999999993
0 0.3533333333333334 0.732 0.06666666666666665 0.040000000000000036
1 0.3866666666666666 0.738 0.058666666666666645 0.03600000000000003
1 0.37733333333333335 0.6020000000000001 0.07199999999999995 0.03599999999999992
1 0.36933333333333335 0.55 0.07733333333333337 0.03600000000000003
1 0.3733333333333334 0.375 0.07466666666666666 0.04600000000000004
1 0.35733333333333334 0.484 0.053333333333333344 0.03200000000000003
