1 0.48048048048048053 0.965 0.06606606606606613 0.03400000000000003
1 0.4624624624624624 0.886 0.042042042042042094 0.02400000000000002
1 0.4684684684684684 0.806 0.042042042042042094 0.016000000000000014
1 0.47747747747747743 0.847 0.08408408408408408 0.04200000000000004
1 0.515015015015015 0.698 0.08108108108108114 0.039999999999999925
1 0.5285285285285286 0.652 0.06006006006006015 0.03200000000000003
1 0.5075075075075075 0.6699999999999999 0.054054054054053946 0.02400000000000002
1 0.5225225225225225 0.6120000000000001 0.054054054054053946 0.03599999999999992
1 0.5135135135135135 0.55 0.072072072072072 0.03600000000000003
1 0.5330330330330331 0.503 0.09909909909909909 0.05400000000000005
1 0.5795795795795795 0.14100000000000001 0.06606606606606613 0.038000000000000034
1 0.5615615615615616 0.348 0.08408408408408419 0.04800000000000004
