0 0.5325670498084292 0.2556603773584906 0.15325670498084287 0.06603773584905659
1 0.5440613026819924 0.689622641509434 0.12260536398467425 0.05094339622641497
1 0.5478927203065134 0.13301886792452838 0.13026819923371646 0.047169811320754707
1 0.5632183908045976 0.5839622641509434 0.11494252873563215 0.047169811320754707
1 0.5498084291187739 0.7584905660377359 0.11877394636015337 0.05283018867924527
1 0.553639846743295 0.36132075471698116 0.12643678160919547 0.05094339622641508
1 0.5651340996168582 0.08584905660377368 0.13409961685823757 0.04339622641509433
1 0.5747126436781609 0.4952830188679244 0.11494252873563215 0.05094339622641508
0 0.5440613026819924 0.9726415094339622 0.08429118773946365 0.03584905660377358
0 0.5938697318007662 0.8283018867924529 0.09195402298850575 0.04150943396226414
1 0.6264367816091954 0.31226415094339627 0.08045977011494254 0.0320754716981132
