1 0.494 0.5920000000000001 0.07600000000000007 0.14400000000000002
1 0.13999999999999996 0.62 0.07999999999999996 0.14666666666666672
1 0.411 0.6186666666666667 0.061999999999999944 0.1173333333333334
1 0.21099999999999997 0.596 0.07000000000000006 0.1253333333333333
1 0.5679999999999998 0.604 0.09599999999999997 0.17866666666666675
1 0.756 0.5760000000000001 0.14400000000000002 0.22933333333333328
1 0.06 0.6373333333333333 0.10799999999999998 0.21333333333333337
1 0.886 0.8093333333333332 0.20399999999999996 0.376
1 0.319 0.5800000000000001 0.04999999999999993 0.07733333333333337
1 0.35899999999999993 0.5906666666666667 0.041999999999999926 0.08266666666666667
