1 0.067 0.534431137724551 0.08999999999999997 0.1586826347305389
1 0.37799999999999995 0.5404191616766467 0.06799999999999995 0.13473053892215558
1 0.8459999999999999 0.5434131736526946 0.06799999999999995 0.11676646706586835
1 0.22300000000000003 0.5014970059880239 0.118 0.24251497005988032
1 0.7469999999999999 0.5119760479041916 0.10199999999999998 0.17964071856287434
1 0.619 0.5673652694610778 0.050000000000000044 0.08682634730538918
1 0.515 0.6736526946107784 0.04600000000000004 0.07784431137724557
1 0.51 0.5703592814371258 0.06000000000000005 0.0988023952095809
1 0.667 0.6062874251497006 0.04200000000000004 0.0748502994011977
1 0.912 0.5688622754491017 0.05600000000000005 0.09580838323353291
1 0.949 0.5868263473053892 0.050000000000000044 0.07784431137724557
