0 0.5633333333333334 0.33834586466165406 0.1333333333333333 0.04887218045112779
1 0.6133333333333333 0.8223684210526316 0.2333333333333334 0.11466165413533835
1 0.5833333333333333 0.39755639097744355 0.1333333333333333 0.058270676691729306
1 0.6500000000000001 0.5939849624060151 0.2466666666666667 0.11278195488721798
1 0.5666666666666667 0.506578947368421 0.17333333333333334 0.06954887218045114
1 0.7433333333333333 0.19360902255639098 0.41333333333333333 0.19924812030075184
1 0.565 0.2941729323308271 0.15000000000000002 0.07706766917293234
1 0.55 0.9370300751879699 0.1266666666666666 0.06203007518796988
1 0.5733333333333334 0.7171052631578947 0.19999999999999996 0.08834586466165417
1 0.6116666666666668 0.6691729323308271 0.1366666666666666 0.048872180451127845
