1 0.1578947368421053 0.4823008849557522 0.06072874493927127 0.1032448377581121
1 0.4190283400809717 0.42035398230088494 0.05263157894736836 0.11504424778761063
1 0.4817813765182186 0.4277286135693215 0.04858299595141702 0.0943952802359882
1 0.8593117408906883 0.47787610619469034 0.05060728744939269 0.09439528023598825
1 0.31072874493927133 0.4218289085545723 0.05060728744939269 0.10029498525073743
1 0.21153846153846162 0.4306784660766962 0.05060728744939269 0.10029498525073743
1 0.27834008097165996 0.5294985250737463 0.054655870445344146 0.11504424778761058
1 0.6153846153846154 0.523598820058997 0.052631578947368474 0.1032448377581121
1 0.7631578947368421 0.4823008849557522 0.04858299595141702 0.09144542772861358
1 0.25910931174089075 0.4277286135693215 0.04453441295546556 0.08849557522123896
1 0.7145748987854251 0.5132743362831859 0.05263157894736836 0.08259587020648973
1 0.15991902834008098 0.41002949852507375 0.05263157894736836 0.0943952802359882
1 0.8218623481781377 0.5 0.04858299595141691 0.09734513274336282
1 0.6902834008097166 0.471976401179941 0.036437246963562764 0.07669616519174038
1 0.645748987854251 0.47345132743362833 0.036437246963562764 0.07964601769911506
1 0.6589068825910931 0.4144542772861357 0.038461538461538436 0.07964601769911506
1 0.569838056680162 0.4321533923303834 0.046558704453441346 0.09734513274336282
1 0.5303643724696356 0.443952802359882 0.036437246963562764 0.07374631268436577
1 0.548582995951417 0.5206489675516224 0.04858299595141702 0.09734513274336282
1 0.4746963562753036 0.5353982300884956 0.054655870445344146 0.1032448377581121
1 0.36740890688259104 0.42035398230088494 0.046558704453441346 0.07964601769911506
1 0.368421052631579 0.5014749262536873 0.04858299595141702 0.10619469026548678
