1 0.78 0.2243589743589744 0.08800000000000008 0.1461538461538462
1 0.246 0.27564102564102566 0.06800000000000006 0.12051282051282053
1 0.94 0.26923076923076916 0.05999999999999994 0.11794871794871797
1 0.18400000000000005 0.29102564102564105 0.04800000000000004 0.08974358974358976
1 0.559 0.28846153846153844 0.04600000000000004 0.08461538461538454
1 0.837 0.25641025641025633 0.04999999999999993 0.0871794871794872
1 0.41600000000000004 0.2833333333333333 0.04800000000000004 0.07435897435897432
1 0.601 0.2461538461538461 0.05399999999999994 0.0871794871794872
1 0.514 0.2782051282051282 0.03600000000000003 0.05384615384615388
1 0.33999999999999997 0.2897435897435897 0.03600000000000003 0.07692307692307687
1 0.28500000000000003 0.28076923076923077 0.038000000000000034 0.0641025641025641
1 0.139 0.3102564102564102 0.050000000000000044 0.0871794871794872
1 0.02300000000000002 0.308974358974359 0.038000000000000034 0.11538461538461542
1 0.366 0.3025641025641025 0.03200000000000003 0.06153846153846154
