0 0.561662198391421 0.31600000000000006 0.07238605898123318 0.06
0 0.5576407506702412 0.223 0.08579088471849872 0.05399999999999999
1 0.5268096514745308 0.265 0.08310991957104552 0.05400000000000002
1 0.5482573726541555 0.42599999999999993 0.06166219839142084 0.043999999999999984
1 0.5388739946380698 0.568 0.05898123324396776 0.03600000000000003
1 0.5723860589812333 0.537 0.05630026809651467 0.038000000000000034
1 0.5670241286863271 0.501 0.0509383378016085 0.030000000000000027
1 0.5361930294906168 0.2899999999999999 0.0697050938337801 0.03199999999999997
0 0.5764075067024128 0.59 0.06434316353887393 0.03600000000000003
0 0.5576407506702412 0.714 0.0697050938337801 0.04400000000000004
0 0.5630026809651474 0.788 0.06434316353887393 0.040000000000000036
1 0.5415549597855229 0.662 0.06434316353887393 0.04800000000000004
1 0.5013404825737267 0.767 0.07506702412868627 0.05400000000000005
1 0.5428954423592494 0.884 0.0509383378016085 0.03200000000000003
1 0.5375335120643432 0.96 0.0509383378016085 0.03600000000000003
