1 0.056 0.45945945945945943 0.05600000000000001 0.09009009009009006
1 0.152 0.48648648648648646 0.07600000000000001 0.1501501501501502
1 0.248 0.4654654654654654 0.05200000000000002 0.09009009009009006
1 0.31000000000000005 0.472972972972973 0.068 0.12312312312312312
0 0.378 0.44894894894894904 0.035999999999999976 0.08108108108108103
1 0.4149999999999999 0.4774774774774775 0.05399999999999999 0.10810810810810811
1 0.44999999999999996 0.463963963963964 0.03199999999999997 0.07507507507507505
0 0.522 0.4474474474474474 0.02400000000000002 0.07207207207207211
1 0.554 0.4444444444444445 0.04400000000000004 0.08408408408408408
0 0.632 0.4684684684684685 0.04400000000000004 0.09609609609609604
0 0.762 0.4444444444444444 0.04400000000000004 0.0780780780780781
