1 0.1650000000000001 0.3993993993993994 0.08599999999999997 0.12612612612612617
1 0.262 0.30930930930930933 0.05600000000000005 0.11411411411411398
1 0.8069999999999999 0.3063063063063063 0.122 0.1861861861861862
1 0.529 0.3408408408408408 0.05800000000000005 0.09909909909909909
1 0.687 0.34384384384384387 0.05399999999999994 0.09909909909909909
1 0.20899999999999996 0.34384384384384387 0.05400000000000005 0.09909909909909909
1 0.865 0.2612612612612613 0.05400000000000005 0.14414414414414412
1 0.614 0.3813813813813814 0.03200000000000003 0.07207207207207211
1 0.46299999999999997 0.3633633633633634 0.04200000000000004 0.09009009009009006
1 0.38900000000000007 0.3858858858858859 0.07399999999999995 0.12312312312312312
1 0.4180000000000001 0.3228228228228229 0.05999999999999994 0.10510510510510518
1 0.33999999999999997 0.3813813813813814 0.03600000000000003 0.06606606606606602
