1 0.9179999999999999 0.515015015015015 0.08399999999999996 0.1351351351351351
1 0.8260000000000001 0.5315315315315314 0.08399999999999996 0.12612612612612606
1 0.655 0.5975975975975976 0.10199999999999987 0.16816816816816815
1 0.2720000000000001 0.6036036036036037 0.11599999999999999 0.18018018018018012
1 0.128 0.4879879879879879 0.05600000000000005 0.09309309309309305
1 0.07599999999999996 0.45645645645645644 0.05600000000000005 0.10210210210210213
1 0.802 0.42492492492492495 0.05599999999999994 0.08108108108108109
1 0.1790000000000001 0.503003003003003 0.06599999999999995 0.11711711711711709
1 0.966 0.4774774774774775 0.06000000000000005 0.10810810810810811
1 0.683 0.4189189189189189 0.04599999999999993 0.0930930930930931
1 0.5930000000000001 0.4144144144144144 0.04600000000000004 0.0780780780780781
1 0.518 0.40390390390390385 0.03200000000000003 0.06306306306306303
1 0.499 0.3783783783783784 0.026000000000000023 0.05405405405405406
1 0.45599999999999996 0.3993993993993994 0.03200000000000003 0.07207207207207206
1 0.31799999999999995 0.3933933933933934 0.03600000000000003 0.06006006006006004
1 0.17900000000000005 0.42042042042042044 0.038000000000000034 0.05405405405405406
1 0.236 0.4039039039039039 0.04800000000000004 0.06906906906906907
