0 0.5493333333333333 0.815 0.09066666666666667 0.050000000000000044
0 0.5773333333333333 0.579 0.09333333333333338 0.04600000000000004
1 0.5413333333333333 0.935 0.16533333333333333 0.09799999999999998
1 0.5426666666666666 0.2859999999999999 0.09333333333333338 0.05199999999999999
1 0.5439999999999999 0.482 0.09066666666666667 0.05600000000000005
1 0.5413333333333333 0.344 0.053333333333333455 0.03200000000000003
1 0.5173333333333333 0.07600000000000001 0.07466666666666666 0.05600000000000001
0 0.532 0.178 0.05600000000000005 0.04000000000000001
0 0.5506666666666666 0.642 0.06133333333333335 0.028000000000000025
0 0.5453333333333334 0.666 0.05599999999999994 0.028000000000000025
0 0.5506666666666666 0.62 0.05599999999999994 0.02400000000000002
1 0.5453333333333333 0.533 0.06133333333333346 0.02200000000000002
1 0.5559999999999999 0.43799999999999994 0.05066666666666664 0.03199999999999997
1 0.528 0.389 0.04800000000000004 0.030000000000000027
