0 0.2283333333333333 0.07303370786516854 0.11666666666666664 0.05992509363295881
1 0.22833333333333336 0.31273408239700373 0.14333333333333337 0.07490636704119852
1 0.265 0.4803370786516854 0.1366666666666667 0.07303370786516855
1 0.2683333333333333 0.8080524344569289 0.14999999999999997 0.05805243445692887
1 0.2533333333333333 0.6264044943820225 0.12666666666666665 0.050561797752809
0 0.24333333333333335 0.541198501872659 0.07333333333333336 0.02621722846441943
0 0.23666666666666666 0.37640449438202245 0.09333333333333332 0.0337078651685393
0 0.24500000000000002 0.5739700374531835 0.09000000000000002 0.03183520599250933
0 0.2633333333333333 0.7565543071161047 0.07999999999999999 0.029962546816479363
1 0.2733333333333333 0.9007490636704119 0.09333333333333335 0.03745318352059923
1 0.23833333333333334 0.13295880149812733 0.08333333333333334 0.041198501872659166
1 0.245 0.02153558052434457 0.08333333333333334 0.035580524344569285
1 0.23333333333333334 0.17134831460674158 0.05999999999999997 0.024344569288389517
