0 0.22408536585365854 0.901 0.10060975609756101 0.05799999999999994
1 0.19359756097560976 0.23300000000000004 0.14329268292682928 0.07399999999999995
1 0.18140243902439024 0.8280000000000001 0.10670731707317072 0.06399999999999995
1 0.14176829268292682 0.5740000000000001 0.149390243902439 0.07599999999999996
1 0.14939024390243902 0.09300000000000003 0.12195121951219512 0.061999999999999944
1 0.20121951219512196 0.4340000000000001 0.12195121951219512 0.05999999999999994
1 0.2423780487804878 0.33599999999999997 0.11280487804878048 0.05600000000000005
1 0.2332317073170732 0.6779999999999999 0.11890243902439027 0.06000000000000005
0 0.2347560975609756 0.7170000000000001 0.07317073170731705 0.029999999999999916
1 0.22560975609756098 0.473 0.09146341463414637 0.03400000000000003
1 0.20731707317073172 0.04700000000000004 0.10365853658536586 0.05800000000000005
1 0.21341463414634146 0.6180000000000001 0.09146341463414637 0.04399999999999993
