1 0.3466666666666667 0.14777777777777779 0.10000000000000003 0.07333333333333335
1 0.30666666666666664 0.41888888888888887 0.10666666666666669 0.06444444444444447
1 0.405 0.3388888888888889 0.15666666666666668 0.11777777777777776
1 0.30666666666666664 0.27444444444444444 0.09333333333333332 0.06888888888888889
1 0.30666666666666664 0.6844444444444444 0.10000000000000003 0.06222222222222218
1 0.46 0.06333333333333334 0.18666666666666665 0.11777777777777779
1 0.345 0.8111111111111111 0.10333333333333333 0.06222222222222218
1 0.30333333333333334 0.5555555555555556 0.10666666666666669 0.06666666666666665
1 0.44166666666666665 0.6355555555555555 0.16333333333333333 0.12888888888888883
1 0.3583333333333334 0.04111111111111111 0.12333333333333335 0.07777777777777778
1 0.32833333333333325 0.9655555555555555 0.11666666666666664 0.05555555555555558
1 0.28833333333333333 0.8533333333333333 0.09000000000000002 0.0444444444444444
1 0.42333333333333334 0.9677777777777776 0.17333333333333334 0.06444444444444442
