0 0.8109999999999999 0.4186666666666667 0.06599999999999995 0.09066666666666667
0 0.10599999999999998 0.4786666666666667 0.04400000000000004 0.07733333333333331
1 0.06299999999999994 0.4813333333333333 0.050000000000000044 0.08266666666666661
0 0.10199999999999998 0.4146666666666667 0.03600000000000003 0.06666666666666665
0 0.18400000000000005 0.4613333333333333 0.028000000000000025 0.06933333333333336
1 0.21599999999999997 0.4573333333333333 0.04400000000000004 0.06666666666666665
1 0.714 0.4186666666666667 0.04799999999999993 0.06933333333333336
1 0.617 0.4786666666666667 0.03799999999999992 0.05066666666666664
1 0.5880000000000001 0.46 0.028000000000000025 0.06133333333333335
1 0.561 0.45200000000000007 0.03400000000000003 0.07200000000000001
0 0.503 0.44533333333333336 0.030000000000000027 0.07466666666666666
1 0.472 0.44000000000000006 0.040000000000000036 0.08000000000000002
1 0.365 0.4706666666666667 0.050000000000000044 0.08800000000000002
1 0.42600000000000005 0.45466666666666666 0.03600000000000003 0.07733333333333331
1 0.33599999999999997 0.452 0.03600000000000003 0.07733333333333337
