0 0.6306306306306306 0.025 0.17417417417417413 0.046
1 0.5330330330330331 0.506 0.14714714714714716 0.08400000000000002
1 0.515015015015015 0.361 0.14714714714714716 0.07800000000000001
1 0.49549549549549554 0.651 0.16816816816816815 0.08199999999999996
1 0.4699699699699699 0.707 0.1291291291291291 0.05800000000000005
1 0.6261261261261262 0.543 0.10510510510510518 0.05800000000000005
1 0.6336336336336336 0.43499999999999994 0.10810810810810811 0.057999999999999996
1 0.5930930930930931 0.948 0.09909909909909898 0.04800000000000004
1 0.6111111111111112 0.81 0.10510510510510518 0.052000000000000046
1 0.6726726726726726 0.795 0.09009009009009006 0.04600000000000004
1 0.5960960960960962 0.352 0.09909909909909909 0.068
1 0.575075075075075 0.85 0.10510510510510507 0.04400000000000004
1 0.6561561561561562 0.857 0.08108108108108103 0.04600000000000004
1 0.5675675675675675 0.46499999999999997 0.10210210210210213 0.045999999999999985
1 0.6231231231231231 0.924 0.08108108108108114 0.03600000000000003
1 0.6441441441441442 0.988 0.08708708708708712 0.02400000000000002
