0 0.195 0.40240240240240244 0.05000000000000002 0.09009009009009011
0 0.766 0.4024024024024024 0.04400000000000004 0.0780780780780781
0 0.132 0.3738738738738739 0.05199999999999999 0.0930930930930931
0 0.29599999999999993 0.38738738738738737 0.03999999999999998 0.08408408408408408
0 0.379 0.3993993993993994 0.04199999999999998 0.08408408408408408
0 0.4159999999999999 0.4144144144144144 0.03199999999999997 0.06606606606606608
0 0.48 0.4129129129129129 0.028000000000000025 0.05705705705705705
0 0.51 0.39489489489489493 0.03600000000000003 0.0750750750750751
0 0.547 0.40540540540540543 0.026000000000000023 0.0780780780780781
0 0.576 0.39039039039039036 0.040000000000000036 0.08408408408408408
0 0.61 0.412912912912913 0.03600000000000003 0.0750750750750751
0 0.673 0.4069069069069069 0.04200000000000004 0.08108108108108109
0 0.719 0.4024024024024024 0.04200000000000004 0.0780780780780781
