1 0.5705705705705706 0.07700000000000001 0.13213213213213215 0.09799999999999998
1 0.6096096096096096 0.714 0.10810810810810811 0.06000000000000005
1 0.5765765765765766 0.19499999999999995 0.1141141141141142 0.07000000000000006
1 0.5990990990990991 0.42300000000000004 0.08708708708708701 0.05400000000000005
1 0.6396396396396397 0.029000000000000026 0.13813813813813813 0.050000000000000044
0 0.6006006006006006 0.6699999999999999 0.08408408408408397 0.03199999999999992
0 0.5855855855855856 0.6 0.06006006006006004 0.03200000000000003
0 0.5735735735735736 0.47 0.06006006006006004 0.03200000000000003
1 0.5660660660660661 0.552 0.06306306306306297 0.03200000000000003
1 0.5645645645645645 0.637 0.06606606606606613 0.03400000000000003
1 0.5615615615615617 0.365 0.09609609609609604 0.050000000000000044
1 0.5810810810810811 0.32799999999999996 0.06306306306306297 0.028000000000000025
1 0.5675675675675675 0.261 0.06606606606606613 0.04200000000000004
