0 0.34523809523809523 0.16800000000000004 0.30952380952380953 0.11600000000000002
0 0.24553571428571425 0.32000000000000006 0.15773809523809523 0.07200000000000001
0 0.24404761904761907 0.202 0.125 0.055999999999999994
0 0.2619047619047619 0.078 0.5178571428571429 0.152
1 0.3348214285714285 0.731 0.12797619047619047 0.06600000000000006
1 0.2619047619047619 0.619 0.13690476190476197 0.07399999999999995
1 0.27529761904761907 0.5449999999999999 0.15773809523809534 0.07799999999999996
1 0.31398809523809523 0.8579999999999999 0.12797619047619047 0.06799999999999995
1 0.20238095238095244 0.396 0.18452380952380953 0.10000000000000003
1 0.3273809523809524 0.968 0.1071428571428571 0.06400000000000006
1 0.3125 0.917 0.09523809523809534 0.04600000000000004
1 0.25297619047619047 0.44999999999999996 0.13095238095238093 0.04799999999999999
1 0.25892857142857145 0.843 0.11309523809523803 0.061999999999999944
1 0.32142857142857145 0.675 0.08333333333333337 0.03400000000000003
