0 0.47890295358649787 0.5662460567823344 0.029535864978902926 0.05362776025236593
0 0.40506329113924044 0.6041009463722398 0.03375527426160335 0.06624605678233442
0 0.34177215189873417 0.5757097791798107 0.029535864978902926 0.04731861198738174
0 0.06540084388185655 0.61198738170347 0.04641350210970464 0.06309148264984232
0 0.0970464135021097 0.586750788643533 0.03375527426160338 0.056782334384858024
0 0.22573839662447254 0.5741324921135647 0.029535864978902954 0.050473186119873836
0 0.6782700421940928 0.5757097791798107 0.03586497890295359 0.04731861198738174
0 0.7679324894514767 0.5425867507886435 0.03797468354430378 0.06309148264984232
0 0.8122362869198312 0.5457413249211356 0.03797468354430378 0.056782334384858024
0 0.6476793248945147 0.5867507886435332 0.03797468354430378 0.050473186119873836
