1 0.08196721311475409 0.72 0.06557377049180327 0.1200000000000001
1 0.11293260473588343 0.6633333333333333 0.03642987249544627 0.08000000000000007
1 0.1448087431693989 0.6633333333333333 0.030965391621129323 0.07333333333333325
1 0.2331511839708561 0.7183333333333333 0.04371584699453554 0.08999999999999997
0 0.2650273224043716 0.6950000000000001 0.034608378870673945 0.08999999999999997
1 0.3278688524590163 0.6866666666666668 0.03278688524590162 0.09333333333333338
1 0.3542805100182149 0.6916666666666667 0.03460837887067397 0.06999999999999995
1 0.43806921675774135 0.7016666666666667 0.030965391621129323 0.06999999999999995
1 0.4672131147540984 0.6816666666666666 0.030965391621129323 0.06333333333333346
1 0.5300546448087431 0.6833333333333333 0.03642987249544627 0.06666666666666665
1 0.5619307832422586 0.6583333333333333 0.02732240437158473 0.07000000000000006
1 0.5983606557377049 0.6566666666666666 0.02732240437158473 0.06666666666666665
1 0.697632058287796 0.6633333333333333 0.025500910746812377 0.06666666666666665
1 0.848816029143898 0.7133333333333334 0.02914389799635697 0.07333333333333336
1 0.8233151183970856 0.7083333333333333 0.021857923497267784 0.05666666666666664
