1 0.935 0.684 0.06599999999999995 0.1146666666666667
1 0.817 0.736 0.06599999999999995 0.1120000000000001
1 0.771 0.8079999999999999 0.05400000000000005 0.10666666666666669
1 0.692 0.7253333333333334 0.06400000000000006 0.11199999999999999
1 0.633 0.756 0.05799999999999994 0.10933333333333328
1 0.5720000000000001 0.8173333333333332 0.052000000000000046 0.07733333333333337
1 0.522 0.72 0.06400000000000006 0.09600000000000009
1 0.497 0.7893333333333332 0.050000000000000044 0.09599999999999997
1 0.38800000000000007 0.788 0.05999999999999994 0.09333333333333327
1 0.19399999999999995 0.6453333333333333 0.05600000000000005 0.08533333333333326
1 0.33599999999999997 0.7813333333333332 0.052000000000000046 0.09599999999999997
1 0.05600000000000005 0.688 0.06800000000000006 0.1333333333333333
1 0.16000000000000003 0.7346666666666666 0.05600000000000005 0.09333333333333338
1 0.23299999999999998 0.7773333333333333 0.06600000000000006 0.10399999999999987
1 0.238 0.8573333333333333 0.04800000000000004 0.07733333333333337
1 0.16200000000000003 0.8240000000000001 0.05600000000000005 0.08533333333333337
