1 0.7822822822822824 0.466 0.1291291291291291 0.06799999999999995
1 0.7867867867867868 0.30300000000000005 0.13813813813813813 0.07400000000000001
1 0.7912912912912913 0.6969999999999998 0.1291291291291291 0.07399999999999995
1 0.8003003003003003 0.174 0.14114114114114118 0.07999999999999999
1 0.7477477477477478 0.10300000000000001 0.1141141141141142 0.06600000000000002
1 0.7792792792792793 0.8659999999999999 0.1291291291291291 0.05999999999999994
1 0.7897897897897899 0.842 0.12012012012012019 0.052000000000000046
1 0.7327327327327327 0.377 0.1141141141141141 0.045999999999999985
1 0.7252252252252253 0.22300000000000003 0.06306306306306309 0.038000000000000006
1 0.7372372372372372 0.43099999999999994 0.08708708708708701 0.033999999999999975
1 0.7882882882882882 0.591 0.11111111111111105 0.05400000000000005
1 0.7807807807807807 0.636 0.09009009009009006 0.04400000000000004
1 0.7582582582582582 0.798 0.07507507507507505 0.03600000000000003
1 0.7357357357357358 0.05700000000000001 0.10810810810810811 0.03400000000000001
