1 0.9039999999999999 0.5533333333333333 0.06799999999999995 0.10399999999999987
1 0.42400000000000004 0.6266666666666667 0.05600000000000005 0.09599999999999997
1 0.757 0.6293333333333333 0.05400000000000005 0.10133333333333339
1 0.128 0.624 0.05600000000000005 0.09066666666666667
1 0.8260000000000001 0.5893333333333333 0.04799999999999993 0.08533333333333337
1 0.6560000000000001 0.6026666666666667 0.03599999999999992 0.06933333333333325
1 0.549 0.592 0.05800000000000005 0.09066666666666667
1 0.71 0.5906666666666667 0.04799999999999993 0.07200000000000006
1 0.29300000000000004 0.6160000000000001 0.050000000000000044 0.08533333333333337
1 0.32799999999999996 0.6466666666666666 0.040000000000000036 0.06666666666666665
1 0.05800000000000005 0.624 0.03600000000000003 0.07466666666666666
