0 0.08199999999999996 0.3855421686746988 0.04400000000000004 0.10240963855421686
1 0.472 0.39759036144578314 0.06000000000000005 0.11445783132530118
1 0.893 0.4623493975903614 0.07000000000000006 0.09939759036144574
1 0.744 0.4292168674698795 0.05600000000000005 0.10542168674698793
1 0.599 0.408132530120482 0.061999999999999944 0.11144578313253012
1 0.395 0.42771084337349397 0.050000000000000044 0.09638554216867473
1 0.32099999999999995 0.39006024096385544 0.050000000000000044 0.0993975903614458
1 0.348 0.46536144578313254 0.052000000000000046 0.08734939759036142
1 0.551 0.4292168674698795 0.03400000000000003 0.08132530120481929
1 0.6719999999999999 0.4382530120481928 0.039999999999999925 0.06325301204819278
1 0.836 0.45180722891566266 0.040000000000000036 0.07228915662650603
0 0.018000000000000016 0.411144578313253 0.03600000000000003 0.10542168674698793
0 0.05400000000000005 0.42319277108433734 0.03200000000000003 0.08132530120481929
1 0.269 0.42018072289156627 0.026000000000000023 0.06325301204819278
